[
  {
    "pose_idx": "003",
    "x_offset": 0.2,
    "z_rotation_deg": 90,
    "obj_pose": [
      [
        0.9965478700576709,
        0.07983907952503522,
        0.02276102071776715,
        0.2
      ],
      [
        -0.025787689785771457,
        0.03708558084868035,
        0.9989793064666699,
        0.0
      ],
      [
        0.07891348261882986,
        -0.9961176542325263,
        0.03901642202017719,
        0.037487688879853674
      ],
      [
        0.0,
        0.0,
        0.0,
        1.0
      ]
    ],
    "qpos_list": [
      [
        0.642715334892273,
        -0.03554897382855415,
        -0.47006210684776306,
        2.1333470344543457,
        -1.063655972480774,
        -2.5953528881073,
        -0.2792808711528778,
        1.0847229957580566,
        0.2763618528842926,
        0.04959046468138695,
        -0.1289159208536148,
        0.7933064699172974,
        0.3741001486778259,
        0.46203741431236267,
        0.13221748173236847,
        1.250071406364441,
        0.10837661474943161,
        -0.042713556438684464,
        1.2603570222854614,
        0.3207467198371887,
        0.6090608835220337,
        0.19335895776748657
      ]
    ]
  },
  {
    "pose_idx": "003",
    "x_offset": 0.2,
    "z_rotation_deg": 120,
    "obj_pose": [
      [
        0.8759296164501025,
        0.05059988065910637,
        -0.4797780310756845,
        0.2
      ],
      [
        0.4759411405694447,
        0.07203659489157645,
        0.8765219676139798,
        0.0
      ],
      [
        0.07891348261882986,
        -0.9961176542325263,
        0.03901642202017719,
        0.037487688879853674
      ],
      [
        0.0,
        0.0,
        0.0,
        1.0
      ]
    ],
    "qpos_list": [
      [
        0.31833866238594055,
        -1.0906963348388672,
        0.037845712155103683,
        -1.0591410398483276,
        0.7887275815010071,
        -0.38679811358451843,
        -0.2792808711528778,
        1.0847229957580566,
        0.2763618528842926,
        0.04959046468138695,
        -0.1289159208536148,
        0.7933064699172974,
        0.3741001486778259,
        0.46203741431236267,
        0.13221748173236847,
        1.250071406364441,
        0.10837661474943161,
        -0.042713556438684464,
        1.2603570222854614,
        0.3207467198371887,
        0.6090608835220337,
        0.19335895776748657
      ]
    ]
  },
  {
    "pose_idx": "003",
    "x_offset": 0.2,
    "z_rotation_deg": 210,
    "obj_pose": [
      [
        -0.47594114056944503,
        -0.07203659489157646,
        -0.8765219676139797,
        0.2
      ],
      [
        0.8759296164501024,
        0.050599880659106346,
        -0.47977803107568484,
        0.0
      ],
      [
        0.07891348261882986,
        -0.9961176542325263,
        0.03901642202017719,
        0.037487688879853674
      ],
      [
        0.0,
        0.0,
        0.0,
        1.0
      ]
    ],
    "qpos_list": [
      [
        -0.7745903134346008,
        -0.4770485460758209,
        -0.07577808201313019,
        -2.0926673412323,
        -1.0496784448623657,
        -1.3825668096542358,
        -0.2792808711528778,
        1.0847229957580566,
        0.2763618528842926,
        0.04959046468138695,
        -0.1289159208536148,
        0.7933064699172974,
        0.3741001486778259,
        0.46203741431236267,
        0.13221748173236847,
        1.250071406364441,
        0.10837661474943161,
        -0.042713556438684464,
        1.2603570222854614,
        0.3207467198371887,
        0.6090608835220337,
        0.19335895776748657
      ]
    ]
  },
  {
    "pose_idx": "003",
    "x_offset": 0.25,
    "z_rotation_deg": 90,
    "obj_pose": [
      [
        0.9965478700576709,
        0.07983907952503522,
        0.02276102071776715,
        0.25
      ],
      [
        -0.025787689785771457,
        0.03708558084868035,
        0.9989793064666699,
        0.0
      ],
      [
        0.07891348261882986,
        -0.9961176542325263,
        0.03901642202017719,
        0.037487688879853674
      ],
      [
        0.0,
        0.0,
        0.0,
        1.0
      ]
    ],
    "qpos_list": [
      [
        0.5404974222183228,
        0.08805879950523376,
        -0.6349075436592102,
        2.0800888538360596,
        -1.0405408143997192,
        -2.666294813156128,
        -0.2792808711528778,
        1.0847229957580566,
        0.2763618528842926,
        0.04959046468138695,
        -0.1289159208536148,
        0.7933064699172974,
        0.3741001486778259,
        0.46203741431236267,
        0.13221748173236847,
        1.250071406364441,
        0.10837661474943161,
        -0.042713556438684464,
        1.2603570222854614,
        0.3207467198371887,
        0.6090608835220337,
        0.19335895776748657
      ]
    ]
  },
  {
    "pose_idx": "003",
    "x_offset": 0.25,
    "z_rotation_deg": 120,
    "obj_pose": [
      [
        0.8759296164501025,
        0.05059988065910637,
        -0.4797780310756845,
        0.25
      ],
      [
        0.4759411405694447,
        0.07203659489157645,
        0.8765219676139798,
        0.0
      ],
      [
        0.07891348261882986,
        -0.9961176542325263,
        0.03901642202017719,
        0.037487688879853674
      ],
      [
        0.0,
        0.0,
        0.0,
        1.0
      ]
    ],
    "qpos_list": [
      [
        0.6883972883224487,
        -0.13576525449752808,
        -0.37323349714279175,
        1.7770427465438843,
        -0.8509591817855835,
        -2.704594135284424,
        -0.2792808711528778,
        1.0847229957580566,
        0.2763618528842926,
        0.04959046468138695,
        -0.1289159208536148,
        0.7933064699172974,
        0.3741001486778259,
        0.46203741431236267,
        0.13221748173236847,
        1.250071406364441,
        0.10837661474943161,
        -0.042713556438684464,
        1.2603570222854614,
        0.3207467198371887,
        0.6090608835220337,
        0.19335895776748657
      ]
    ]
  },
  {
    "pose_idx": "003",
    "x_offset": 0.25,
    "z_rotation_deg": 150,
    "obj_pose": [
      [
        0.520606729488226,
        0.007802484633458752,
        -0.8537609468962127,
        0.25
      ],
      [
        0.8501419266643311,
        0.08768546150778671,
        0.5192012753909852,
        0.0
      ],
      [
        0.07891348261882986,
        -0.9961176542325263,
        0.03901642202017719,
        0.037487688879853674
      ],
      [
        0.0,
        0.0,
        0.0,
        1.0
      ]
    ],
    "qpos_list": [
      [
        -0.1270151287317276,
        -0.768433690071106,
        -0.09510040283203125,
        4.607802391052246,
        -0.012798375450074673,
        -0.3609161972999573,
        -0.2792808711528778,
        1.0847229957580566,
        0.2763618528842926,
        0.04959046468138695,
        -0.1289159208536148,
        0.7933064699172974,
        0.3741001486778259,
        0.46203741431236267,
        0.13221748173236847,
        1.250071406364441,
        0.10837661474943161,
        -0.042713556438684464,
        1.2603570222854614,
        0.3207467198371887,
        0.6090608835220337,
        0.19335895776748657
      ]
    ]
  },
  {
    "pose_idx": "003",
    "x_offset": 0.25,
    "z_rotation_deg": 180,
    "obj_pose": [
      [
        0.025787689785771516,
        -0.03708558084868035,
        -0.9989793064666699,
        0.25
      ],
      [
        0.9965478700576709,
        0.07983907952503522,
        0.02276102071776721,
        0.0
      ],
      [
        0.07891348261882986,
        -0.9961176542325263,
        0.03901642202017719,
        0.037487688879853674
      ],
      [
        0.0,
        0.0,
        0.0,
        1.0
      ]
    ],
    "qpos_list": [
      [
        -0.45638057589530945,
        -0.6031664609909058,
        -0.04134872183203697,
        -1.5698096752166748,
        -0.6190205216407776,
        -1.1125649213790894,
        -0.2792808711528778,
        1.0847229957580566,
        0.2763618528842926,
        0.04959046468138695,
        -0.1289159208536148,
        0.7933064699172974,
        0.3741001486778259,
        0.46203741431236267,
        0.13221748173236847,
        1.250071406364441,
        0.10837661474943161,
        -0.042713556438684464,
        1.2603570222854614,
        0.3207467198371887,
        0.6090608835220337,
        0.19335895776748657
      ]
    ]
  },
  {
    "pose_idx": "003",
    "x_offset": 0.25,
    "z_rotation_deg": 210,
    "obj_pose": [
      [
        -0.47594114056944503,
        -0.07203659489157646,
        -0.8765219676139797,
        0.25
      ],
      [
        0.8759296164501024,
        0.050599880659106346,
        -0.47977803107568484,
        0.0
      ],
      [
        0.07891348261882986,
        -0.9961176542325263,
        0.03901642202017719,
        0.037487688879853674
      ],
      [
        0.0,
        0.0,
        0.0,
        1.0
      ]
    ],
    "qpos_list": [
      [
        -0.6001620888710022,
        -0.301508367061615,
        -0.20863816142082214,
        4.341143608093262,
        -0.9516457915306091,
        -1.382820963859558,
        -0.2792808711528778,
        1.0847229957580566,
        0.2763618528842926,
        0.04959046468138695,
        -0.1289159208536148,
        0.7933064699172974,
        0.3741001486778259,
        0.46203741431236267,
        0.13221748173236847,
        1.250071406364441,
        0.10837661474943161,
        -0.042713556438684464,
        1.2603570222854614,
        0.3207467198371887,
        0.6090608835220337,
        0.19335895776748657
      ]
    ]
  },
  {
    "pose_idx": "003",
    "x_offset": 0.3,
    "z_rotation_deg": 90,
    "obj_pose": [
      [
        0.9965478700576709,
        0.07983907952503522,
        0.02276102071776715,
        0.3
      ],
      [
        -0.025787689785771457,
        0.03708558084868035,
        0.9989793064666699,
        0.0
      ],
      [
        0.07891348261882986,
        -0.9961176542325263,
        0.03901642202017719,
        0.037487688879853674
      ],
      [
        0.0,
        0.0,
        0.0,
        1.0
      ]
    ],
    "qpos_list": [
      [
        0.4623619616031647,
        0.2126951664686203,
        -0.8190659284591675,
        2.057600736618042,
        -1.0315334796905518,
        -2.7507004737854004,
        -0.2792808711528778,
        1.0847229957580566,
        0.2763618528842926,
        0.04959046468138695,
        -0.1289159208536148,
        0.7933064699172974,
        0.3741001486778259,
        0.46203741431236267,
        0.13221748173236847,
        1.250071406364441,
        0.10837661474943161,
        -0.042713556438684464,
        1.2603570222854614,
        0.3207467198371887,
        0.6090608835220337,
        0.19335895776748657
      ]
    ]
  },
  {
    "pose_idx": "003",
    "x_offset": 0.3,
    "z_rotation_deg": 120,
    "obj_pose": [
      [
        0.8759296164501025,
        0.05059988065910637,
        -0.4797780310756845,
        0.3
      ],
      [
        0.4759411405694447,
        0.07203659489157645,
        0.8765219676139798,
        0.0
      ],
      [
        0.07891348261882986,
        -0.9961176542325263,
        0.03901642202017719,
        0.037487688879853674
      ],
      [
        0.0,
        0.0,
        0.0,
        1.0
      ]
    ],
    "qpos_list": [
      [
        0.5769245624542236,
        -0.007298620883375406,
        -0.5268662571907043,
        1.7120652198791504,
        -0.8006069660186768,
        -2.7513341903686523,
        -0.2792808711528778,
        1.0847229957580566,
        0.2763618528842926,
        0.04959046468138695,
        -0.1289159208536148,
        0.7933064699172974,
        0.3741001486778259,
        0.46203741431236267,
        0.13221748173236847,
        1.250071406364441,
        0.10837661474943161,
        -0.042713556438684464,
        1.2603570222854614,
        0.3207467198371887,
        0.6090608835220337,
        0.19335895776748657
      ]
    ]
  },
  {
    "pose_idx": "003",
    "x_offset": 0.3,
    "z_rotation_deg": 150,
    "obj_pose": [
      [
        0.520606729488226,
        0.007802484633458752,
        -0.8537609468962127,
        0.3
      ],
      [
        0.8501419266643311,
        0.08768546150778671,
        0.5192012753909852,
        0.0
      ],
      [
        0.07891348261882986,
        -0.9961176542325263,
        0.03901642202017719,
        0.037487688879853674
      ],
      [
        0.0,
        0.0,
        0.0,
        1.0
      ]
    ],
    "qpos_list": [
      [
        0.5574116110801697,
        -0.3081808388233185,
        -0.20114366710186005,
        1.1626394987106323,
        -0.5377539992332458,
        -2.655716896057129,
        -0.2792808711528778,
        1.0847229957580566,
        0.2763618528842926,
        0.04959046468138695,
        -0.1289159208536148,
        0.7933064699172974,
        0.3741001486778259,
        0.46203741431236267,
        0.13221748173236847,
        1.250071406364441,
        0.10837661474943161,
        -0.042713556438684464,
        1.2603570222854614,
        0.3207467198371887,
        0.6090608835220337,
        0.19335895776748657
      ]
    ]
  },
  {
    "pose_idx": "003",
    "x_offset": 0.3,
    "z_rotation_deg": 180,
    "obj_pose": [
      [
        0.025787689785771516,
        -0.03708558084868035,
        -0.9989793064666699,
        0.3
      ],
      [
        0.9965478700576709,
        0.07983907952503522,
        0.02276102071776721,
        0.0
      ],
      [
        0.07891348261882986,
        -0.9961176542325263,
        0.03901642202017719,
        0.037487688879853674
      ],
      [
        0.0,
        0.0,
        0.0,
        1.0
      ]
    ],
    "qpos_list": [
      [
        0.37815061211586,
        -0.587334394454956,
        -0.2620527148246765,
        2.0103600025177,
        0.029539160430431366,
        -4.058845043182373,
        -0.2792808711528778,
        1.0847229957580566,
        0.2763618528842926,
        0.04959046468138695,
        -0.1289159208536148,
        0.7933064699172974,
        0.3741001486778259,
        0.46203741431236267,
        0.13221748173236847,
        1.250071406364441,
        0.10837661474943161,
        -0.042713556438684464,
        1.2603570222854614,
        0.3207467198371887,
        0.6090608835220337,
        0.19335895776748657
      ]
    ]
  },
  {
    "pose_idx": "003",
    "x_offset": 0.3,
    "z_rotation_deg": 210,
    "obj_pose": [
      [
        -0.47594114056944503,
        -0.07203659489157646,
        -0.8765219676139797,
        0.3
      ],
      [
        0.8759296164501024,
        0.050599880659106346,
        -0.47977803107568484,
        0.0
      ],
      [
        0.07891348261882986,
        -0.9961176542325263,
        0.03901642202017719,
        0.037487688879853674
      ],
      [
        0.0,
        0.0,
        0.0,
        1.0
      ]
    ],
    "qpos_list": [
      [
        -0.008645434863865376,
        -0.7990540862083435,
        -0.10944566130638123,
        1.1992850303649902,
        0.7218385338783264,
        -3.851090908050537,
        -0.2792808711528778,
        1.0847229957580566,
        0.2763618528842926,
        0.04959046468138695,
        -0.1289159208536148,
        0.7933064699172974,
        0.3741001486778259,
        0.46203741431236267,
        0.13221748173236847,
        1.250071406364441,
        0.10837661474943161,
        -0.042713556438684464,
        1.2603570222854614,
        0.3207467198371887,
        0.6090608835220337,
        0.19335895776748657
      ]
    ]
  },
  {
    "pose_idx": "003",
    "x_offset": 0.35,
    "z_rotation_deg": 90,
    "obj_pose": [
      [
        0.9965478700576709,
        0.07983907952503522,
        0.02276102071776715,
        0.35
      ],
      [
        -0.025787689785771457,
        0.03708558084868035,
        0.9989793064666699,
        0.0
      ],
      [
        0.07891348261882986,
        -0.9961176542325263,
        0.03901642202017719,
        0.037487688879853674
      ],
      [
        0.0,
        0.0,
        0.0,
        1.0
      ]
    ],
    "qpos_list": [
      [
        0.4007178544998169,
        0.34126532077789307,
        -1.0246436595916748,
        2.059213399887085,
        -1.0348503589630127,
        -2.8500912189483643,
        -0.2792808711528778,
        1.0847229957580566,
        0.2763618528842926,
        0.04959046468138695,
        -0.1289159208536148,
        0.7933064699172974,
        0.3741001486778259,
        0.46203741431236267,
        0.13221748173236847,
        1.250071406364441,
        0.10837661474943161,
        -0.042713556438684464,
        1.2603570222854614,
        0.3207467198371887,
        0.6090608835220337,
        0.19335895776748657
      ]
    ]
  },
  {
    "pose_idx": "003",
    "x_offset": 0.35,
    "z_rotation_deg": 120,
    "obj_pose": [
      [
        0.8759296164501025,
        0.05059988065910637,
        -0.4797780310756845,
        0.35
      ],
      [
        0.4759411405694447,
        0.07203659489157645,
        0.8765219676139798,
        0.0
      ],
      [
        0.07891348261882986,
        -0.9961176542325263,
        0.03901642202017719,
        0.037487688879853674
      ],
      [
        0.0,
        0.0,
        0.0,
        1.0
      ]
    ],
    "qpos_list": [
      [
        0.4938736855983734,
        0.1204882264137268,
        -0.7028014659881592,
        1.695479393005371,
        -0.7633827328681946,
        -2.827275514602661,
        -0.2792808711528778,
        1.0847229957580566,
        0.2763618528842926,
        0.04959046468138695,
        -0.1289159208536148,
        0.7933064699172974,
        0.3741001486778259,
        0.46203741431236267,
        0.13221748173236847,
        1.250071406364441,
        0.10837661474943161,
        -0.042713556438684464,
        1.2603570222854614,
        0.3207467198371887,
        0.6090608835220337,
        0.19335895776748657
      ]
    ]
  },
  {
    "pose_idx": "003",
    "x_offset": 0.35,
    "z_rotation_deg": 150,
    "obj_pose": [
      [
        0.520606729488226,
        0.007802484633458752,
        -0.8537609468962127,
        0.35
      ],
      [
        0.8501419266643311,
        0.08768546150778671,
        0.5192012753909852,
        0.0
      ],
      [
        0.07891348261882986,
        -0.9961176542325263,
        0.03901642202017719,
        0.037487688879853674
      ],
      [
        0.0,
        0.0,
        0.0,
        1.0
      ]
    ],
    "qpos_list": [
      [
        0.4322480261325836,
        -0.15523307025432587,
        -0.3320293724536896,
        0.9677290320396423,
        -0.49606239795684814,
        -2.5580790042877197,
        -0.2792808711528778,
        1.0847229957580566,
        0.2763618528842926,
        0.04959046468138695,
        -0.1289159208536148,
        0.7933064699172974,
        0.3741001486778259,
        0.46203741431236267,
        0.13221748173236847,
        1.250071406364441,
        0.10837661474943161,
        -0.042713556438684464,
        1.2603570222854614,
        0.3207467198371887,
        0.6090608835220337,
        0.19335895776748657
      ]
    ]
  },
  {
    "pose_idx": "003",
    "x_offset": 0.35,
    "z_rotation_deg": 180,
    "obj_pose": [
      [
        0.025787689785771516,
        -0.03708558084868035,
        -0.9989793064666699,
        0.35
      ],
      [
        0.9965478700576709,
        0.07983907952503522,
        0.02276102071776721,
        0.0
      ],
      [
        0.07891348261882986,
        -0.9961176542325263,
        0.03901642202017719,
        0.037487688879853674
      ],
      [
        0.0,
        0.0,
        0.0,
        1.0
      ]
    ],
    "qpos_list": [
      [
        -0.24631522595882416,
        -0.2061823159456253,
        -0.2904456555843353,
        -1.133596420288086,
        -0.5394494533538818,
        -1.4207700490951538,
        -0.2792808711528778,
        1.0847229957580566,
        0.2763618528842926,
        0.04959046468138695,
        -0.1289159208536148,
        0.7933064699172974,
        0.3741001486778259,
        0.46203741431236267,
        0.13221748173236847,
        1.250071406364441,
        0.10837661474943161,
        -0.042713556438684464,
        1.2603570222854614,
        0.3207467198371887,
        0.6090608835220337,
        0.19335895776748657
      ]
    ]
  },
  {
    "pose_idx": "003",
    "x_offset": 0.35,
    "z_rotation_deg": 210,
    "obj_pose": [
      [
        -0.47594114056944503,
        -0.07203659489157646,
        -0.8765219676139797,
        0.35
      ],
      [
        0.8759296164501024,
        0.050599880659106346,
        -0.47977803107568484,
        0.0
      ],
      [
        0.07891348261882986,
        -0.9961176542325263,
        0.03901642202017719,
        0.037487688879853674
      ],
      [
        0.0,
        0.0,
        0.0,
        1.0
      ]
    ],
    "qpos_list": [
      [
        0.008860664442181587,
        -0.5189993381500244,
        -0.2944158613681793,
        1.3131542205810547,
        0.6797155141830444,
        -3.9850075244903564,
        -0.2792808711528778,
        1.0847229957580566,
        0.2763618528842926,
        0.04959046468138695,
        -0.1289159208536148,
        0.7933064699172974,
        0.3741001486778259,
        0.46203741431236267,
        0.13221748173236847,
        1.250071406364441,
        0.10837661474943161,
        -0.042713556438684464,
        1.2603570222854614,
        0.3207467198371887,
        0.6090608835220337,
        0.19335895776748657
      ]
    ]
  },
  {
    "pose_idx": "003",
    "x_offset": 0.4,
    "z_rotation_deg": 90,
    "obj_pose": [
      [
        0.9965478700576709,
        0.07983907952503522,
        0.02276102071776715,
        0.4
      ],
      [
        -0.025787689785771457,
        0.03708558084868035,
        0.9989793064666699,
        0.0
      ],
      [
        0.07891348261882986,
        -0.9961176542325263,
        0.03901642202017719,
        0.037487688879853674
      ],
      [
        0.0,
        0.0,
        0.0,
        1.0
      ]
    ],
    "qpos_list": [
      [
        0.3503838777542114,
        0.4783996343612671,
        -1.2575805187225342,
        2.0801737308502197,
        -1.051168441772461,
        -2.966087579727173,
        -0.2792808711528778,
        1.0847229957580566,
        0.2763618528842926,
        0.04959046468138695,
        -0.1289159208536148,
        0.7933064699172974,
        0.3741001486778259,
        0.46203741431236267,
        0.13221748173236847,
        1.250071406364441,
        0.10837661474943161,
        -0.042713556438684464,
        1.2603570222854614,
        0.3207467198371887,
        0.6090608835220337,
        0.19335895776748657
      ]
    ]
  },
  {
    "pose_idx": "003",
    "x_offset": 0.4,
    "z_rotation_deg": 120,
    "obj_pose": [
      [
        0.8759296164501025,
        0.05059988065910637,
        -0.4797780310756845,
        0.4
      ],
      [
        0.4759411405694447,
        0.07203659489157645,
        0.8765219676139798,
        0.0
      ],
      [
        0.07891348261882986,
        -0.9961176542325263,
        0.03901642202017719,
        0.037487688879853674
      ],
      [
        0.0,
        0.0,
        0.0,
        1.0
      ]
    ],
    "qpos_list": [
      [
        0.4298606216907501,
        0.250383198261261,
        -0.903186559677124,
        1.723749041557312,
        -0.7363747358322144,
        -2.9372048377990723,
        -0.2792808711528778,
        1.0847229957580566,
        0.2763618528842926,
        0.04959046468138695,
        -0.1289159208536148,
        0.7933064699172974,
        0.3741001486778259,
        0.46203741431236267,
        0.13221748173236847,
        1.250071406364441,
        0.10837661474943161,
        -0.042713556438684464,
        1.2603570222854614,
        0.3207467198371887,
        0.6090608835220337,
        0.19335895776748657
      ]
    ]
  },
  {
    "pose_idx": "003",
    "x_offset": 0.4,
    "z_rotation_deg": 150,
    "obj_pose": [
      [
        0.520606729488226,
        0.007802484633458752,
        -0.8537609468962127,
        0.4
      ],
      [
        0.8501419266643311,
        0.08768546150778671,
        0.5192012753909852,
        0.0
      ],
      [
        0.07891348261882986,
        -0.9961176542325263,
        0.03901642202017719,
        0.037487688879853674
      ],
      [
        0.0,
        0.0,
        0.0,
        1.0
      ]
    ],
    "qpos_list": [
      [
        0.3547563850879669,
        -0.012803499586880207,
        -0.4898715317249298,
        0.8804083466529846,
        -0.4574039876461029,
        -2.5365543365478516,
        -0.2792808711528778,
        1.0847229957580566,
        0.2763618528842926,
        0.04959046468138695,
        -0.1289159208536148,
        0.7933064699172974,
        0.3741001486778259,
        0.46203741431236267,
        0.13221748173236847,
        1.250071406364441,
        0.10837661474943161,
        -0.042713556438684464,
        1.2603570222854614,
        0.3207467198371887,
        0.6090608835220337,
        0.19335895776748657
      ]
    ]
  },
  {
    "pose_idx": "003",
    "x_offset": 0.4,
    "z_rotation_deg": 180,
    "obj_pose": [
      [
        0.025787689785771516,
        -0.03708558084868035,
        -0.9989793064666699,
        0.4
      ],
      [
        0.9965478700576709,
        0.07983907952503522,
        0.02276102071776721,
        0.0
      ],
      [
        0.07891348261882986,
        -0.9961176542325263,
        0.03901642202017719,
        0.037487688879853674
      ],
      [
        0.0,
        0.0,
        0.0,
        1.0
      ]
    ],
    "qpos_list": [
      [
        0.24007737636566162,
        -0.19406211376190186,
        -0.5968751311302185,
        2.0210721492767334,
        0.14591914415359497,
        -4.164084434509277,
        -0.2792808711528778,
        1.0847229957580566,
        0.2763618528842926,
        0.04959046468138695,
        -0.1289159208536148,
        0.7933064699172974,
        0.3741001486778259,
        0.46203741431236267,
        0.13221748173236847,
        1.250071406364441,
        0.10837661474943161,
        -0.042713556438684464,
        1.2603570222854614,
        0.3207467198371887,
        0.6090608835220337,
        0.19335895776748657
      ]
    ]
  },
  {
    "pose_idx": "003",
    "x_offset": 0.4,
    "z_rotation_deg": 210,
    "obj_pose": [
      [
        -0.47594114056944503,
        -0.07203659489157646,
        -0.8765219676139797,
        0.4
      ],
      [
        0.8759296164501024,
        0.050599880659106346,
        -0.47977803107568484,
        0.0
      ],
      [
        0.07891348261882986,
        -0.9961176542325263,
        0.03901642202017719,
        0.037487688879853674
      ],
      [
        0.0,
        0.0,
        0.0,
        1.0
      ]
    ],
    "qpos_list": [
      [
        0.010989608243107796,
        -0.3073684573173523,
        -0.4697801172733307,
        1.3582881689071655,
        0.669780433177948,
        -4.040884017944336,
        -0.2792808711528778,
        1.0847229957580566,
        0.2763618528842926,
        0.04959046468138695,
        -0.1289159208536148,
        0.7933064699172974,
        0.3741001486778259,
        0.46203741431236267,
        0.13221748173236847,
        1.250071406364441,
        0.10837661474943161,
        -0.042713556438684464,
        1.2603570222854614,
        0.3207467198371887,
        0.6090608835220337,
        0.19335895776748657
      ]
    ]
  },
  {
    "pose_idx": "003",
    "x_offset": 0.45,
    "z_rotation_deg": 90,
    "obj_pose": [
      [
        0.9965478700576709,
        0.07983907952503522,
        0.02276102071776715,
        0.45
      ],
      [
        -0.025787689785771457,
        0.03708558084868035,
        0.9989793064666699,
        0.0
      ],
      [
        0.07891348261882986,
        -0.9961176542325263,
        0.03901642202017719,
        0.037487688879853674
      ],
      [
        0.0,
        0.0,
        0.0,
        1.0
      ]
    ],
    "qpos_list": [
      [
        0.30771544575691223,
        0.6322435140609741,
        -1.5311483144760132,
        2.117417573928833,
        -1.0840907096862793,
        -3.102393865585327,
        -0.2792808711528778,
        1.0847229957580566,
        0.2763618528842926,
        0.04959046468138695,
        -0.1289159208536148,
        0.7933064699172974,
        0.3741001486778259,
        0.46203741431236267,
        0.13221748173236847,
        1.250071406364441,
        0.10837661474943161,
        -0.042713556438684464,
        1.2603570222854614,
        0.3207467198371887,
        0.6090608835220337,
        0.19335895776748657
      ]
    ]
  },
  {
    "pose_idx": "003",
    "x_offset": 0.45,
    "z_rotation_deg": 120,
    "obj_pose": [
      [
        0.8759296164501025,
        0.05059988065910637,
        -0.4797780310756845,
        0.45
      ],
      [
        0.4759411405694447,
        0.07203659489157645,
        0.8765219676139798,
        0.0
      ],
      [
        0.07891348261882986,
        -0.9961176542325263,
        0.03901642202017719,
        0.037487688879853674
      ],
      [
        0.0,
        0.0,
        0.0,
        1.0
      ]
    ],
    "qpos_list": [
      [
        0.37798526883125305,
        0.3868792653083801,
        -1.1332924365997314,
        1.7941941022872925,
        -0.7210210561752319,
        -3.0847580432891846,
        -0.2792808711528778,
        1.0847229957580566,
        0.2763618528842926,
        0.04959046468138695,
        -0.1289159208536148,
        0.7933064699172974,
        0.3741001486778259,
        0.46203741431236267,
        0.13221748173236847,
        1.250071406364441,
        0.10837661474943161,
        -0.042713556438684464,
        1.2603570222854614,
        0.3207467198371887,
        0.6090608835220337,
        0.19335895776748657
      ]
    ]
  },
  {
    "pose_idx": "003",
    "x_offset": 0.45,
    "z_rotation_deg": 150,
    "obj_pose": [
      [
        0.520606729488226,
        0.007802484633458752,
        -0.8537609468962127,
        0.45
      ],
      [
        0.8501419266643311,
        0.08768546150778671,
        0.5192012753909852,
        0.0
      ],
      [
        0.07891348261882986,
        -0.9961176542325263,
        0.03901642202017719,
        0.037487688879853674
      ],
      [
        0.0,
        0.0,
        0.0,
        1.0
      ]
    ],
    "qpos_list": [
      [
        0.309429794549942,
        0.12285998463630676,
        -0.6707887053489685,
        0.8854297399520874,
        -0.41111132502555847,
        -2.5853195190429688,
        -0.2792808711528778,
        1.0847229957580566,
        0.2763618528842926,
        0.04959046468138695,
        -0.1289159208536148,
        0.7933064699172974,
        0.3741001486778259,
        0.46203741431236267,
        0.13221748173236847,
        1.250071406364441,
        0.10837661474943161,
        -0.042713556438684464,
        1.2603570222854614,
        0.3207467198371887,
        0.6090608835220337,
        0.19335895776748657
      ]
    ]
  },
  {
    "pose_idx": "003",
    "x_offset": 0.45,
    "z_rotation_deg": 180,
    "obj_pose": [
      [
        0.025787689785771516,
        -0.03708558084868035,
        -0.9989793064666699,
        0.45
      ],
      [
        0.9965478700576709,
        0.07983907952503522,
        0.02276102071776721,
        0.0
      ],
      [
        0.07891348261882986,
        -0.9961176542325263,
        0.03901642202017719,
        0.037487688879853674
      ],
      [
        0.0,
        0.0,
        0.0,
        1.0
      ]
    ],
    "qpos_list": [
      [
        -0.17960643768310547,
        0.09892547130584717,
        -0.6563072800636292,
        -1.1494401693344116,
        -0.4836307764053345,
        -1.3364940881729126,
        -0.2792808711528778,
        1.0847229957580566,
        0.2763618528842926,
        0.04959046468138695,
        -0.1289159208536148,
        0.7933064699172974,
        0.3741001486778259,
        0.46203741431236267,
        0.13221748173236847,
        1.250071406364441,
        0.10837661474943161,
        -0.042713556438684464,
        1.2603570222854614,
        0.3207467198371887,
        0.6090608835220337,
        0.19335895776748657
      ]
    ]
  },
  {
    "pose_idx": "003",
    "x_offset": 0.45,
    "z_rotation_deg": 210,
    "obj_pose": [
      [
        -0.47594114056944503,
        -0.07203659489157646,
        -0.8765219676139797,
        0.45
      ],
      [
        0.8759296164501024,
        0.050599880659106346,
        -0.47977803107568484,
        0.0
      ],
      [
        0.07891348261882986,
        -0.9961176542325263,
        0.03901642202017719,
        0.037487688879853674
      ],
      [
        0.0,
        0.0,
        0.0,
        1.0
      ]
    ],
    "qpos_list": [
      [
        0.009584147483110428,
        -0.13009269535541534,
        -0.6426545977592468,
        1.362977147102356,
        0.669826865196228,
        -4.048147678375244,
        -0.2792808711528778,
        1.0847229957580566,
        0.2763618528842926,
        0.04959046468138695,
        -0.1289159208536148,
        0.7933064699172974,
        0.3741001486778259,
        0.46203741431236267,
        0.13221748173236847,
        1.250071406364441,
        0.10837661474943161,
        -0.042713556438684464,
        1.2603570222854614,
        0.3207467198371887,
        0.6090608835220337,
        0.19335895776748657
      ]
    ]
  },
  {
    "pose_idx": "003",
    "x_offset": 0.5,
    "z_rotation_deg": 90,
    "obj_pose": [
      [
        0.9965478700576709,
        0.07983907952503522,
        0.02276102071776715,
        0.5
      ],
      [
        -0.025787689785771457,
        0.03708558084868035,
        0.9989793064666699,
        0.0
      ],
      [
        0.07891348261882986,
        -0.9961176542325263,
        0.03901642202017719,
        0.037487688879853674
      ],
      [
        0.0,
        0.0,
        0.0,
        1.0
      ]
    ],
    "qpos_list": [
      [
        0.2694520950317383,
        0.8227908611297607,
        -1.8823816776275635,
        2.17093563079834,
        -1.1447062492370605,
        -3.2719788551330566,
        -0.2792808711528778,
        1.0847229957580566,
        0.2763618528842926,
        0.04959046468138695,
        -0.1289159208536148,
        0.7933064699172974,
        0.3741001486778259,
        0.46203741431236267,
        0.13221748173236847,
        1.250071406364441,
        0.10837661474943161,
        -0.042713556438684464,
        1.2603570222854614,
        0.3207467198371887,
        0.6090608835220337,
        0.19335895776748657
      ]
    ]
  },
  {
    "pose_idx": "003",
    "x_offset": 0.5,
    "z_rotation_deg": 120,
    "obj_pose": [
      [
        0.8759296164501025,
        0.05059988065910637,
        -0.4797780310756845,
        0.5
      ],
      [
        0.4759411405694447,
        0.07203659489157645,
        0.8765219676139798,
        0.0
      ],
      [
        0.07891348261882986,
        -0.9961176542325263,
        0.03901642202017719,
        0.037487688879853674
      ],
      [
        0.0,
        0.0,
        0.0,
        1.0
      ]
    ],
    "qpos_list": [
      [
        0.33303433656692505,
        0.5371265411376953,
        -1.403734803199768,
        1.9046458005905151,
        -0.7228574156761169,
        -3.273226499557495,
        -0.2792808711528778,
        1.0847229957580566,
        0.2763618528842926,
        0.04959046468138695,
        -0.1289159208536148,
        0.7933064699172974,
        0.3741001486778259,
        0.46203741431236267,
        0.13221748173236847,
        1.250071406364441,
        0.10837661474943161,
        -0.042713556438684464,
        1.2603570222854614,
        0.3207467198371887,
        0.6090608835220337,
        0.19335895776748657
      ]
    ]
  },
  {
    "pose_idx": "003",
    "x_offset": 0.5,
    "z_rotation_deg": 150,
    "obj_pose": [
      [
        0.520606729488226,
        0.007802484633458752,
        -0.8537609468962127,
        0.5
      ],
      [
        0.8501419266643311,
        0.08768546150778671,
        0.5192012753909852,
        0.0
      ],
      [
        0.07891348261882986,
        -0.9961176542325263,
        0.03901642202017719,
        0.037487688879853674
      ],
      [
        0.0,
        0.0,
        0.0,
        1.0
      ]
    ],
    "qpos_list": [
      [
        0.28680381178855896,
        0.2591925263404846,
        -0.8840039968490601,
        1.0028051137924194,
        -0.35574960708618164,
        -2.732128143310547,
        -0.2792808711528778,
        1.0847229957580566,
        0.2763618528842926,
        0.04959046468138695,
        -0.1289159208536148,
        0.7933064699172974,
        0.3741001486778259,
        0.46203741431236267,
        0.13221748173236847,
        1.250071406364441,
        0.10837661474943161,
        -0.042713556438684464,
        1.2603570222854614,
        0.3207467198371887,
        0.6090608835220337,
        0.19335895776748657
      ]
    ]
  },
  {
    "pose_idx": "003",
    "x_offset": 0.5,
    "z_rotation_deg": 180,
    "obj_pose": [
      [
        0.025787689785771516,
        -0.03708558084868035,
        -0.9989793064666699,
        0.5
      ],
      [
        0.9965478700576709,
        0.07983907952503522,
        0.02276102071776721,
        0.0
      ],
      [
        0.07891348261882986,
        -0.9961176542325263,
        0.03901642202017719,
        0.037487688879853674
      ],
      [
        0.0,
        0.0,
        0.0,
        1.0
      ]
    ],
    "qpos_list": [
      [
        0.18992134928703308,
        0.11066390573978424,
        -0.9160651564598083,
        1.8252465724945068,
        0.17473119497299194,
        -4.001213550567627,
        -0.2792808711528778,
        1.0847229957580566,
        0.2763618528842926,
        0.04959046468138695,
        -0.1289159208536148,
        0.7933064699172974,
        0.3741001486778259,
        0.46203741431236267,
        0.13221748173236847,
        1.250071406364441,
        0.10837661474943161,
        -0.042713556438684464,
        1.2603570222854614,
        0.3207467198371887,
        0.6090608835220337,
        0.19335895776748657
      ]
    ]
  },
  {
    "pose_idx": "003",
    "x_offset": 0.5,
    "z_rotation_deg": 210,
    "obj_pose": [
      [
        -0.47594114056944503,
        -0.07203659489157646,
        -0.8765219676139797,
        0.5
      ],
      [
        0.8759296164501024,
        0.050599880659106346,
        -0.47977803107568484,
        0.0
      ],
      [
        0.07891348261882986,
        -0.9961176542325263,
        0.03901642202017719,
        0.037487688879853674
      ],
      [
        0.0,
        0.0,
        0.0,
        1.0
      ]
    ],
    "qpos_list": [
      [
        0.0070945206098258495,
        0.028899243101477623,
        -0.8181305527687073,
        1.3414924144744873,
        0.6751192212104797,
        -4.022948741912842,
        -0.2792808711528778,
        1.0847229957580566,
        0.2763618528842926,
        0.04959046468138695,
        -0.1289159208536148,
        0.7933064699172974,
        0.3741001486778259,
        0.46203741431236267,
        0.13221748173236847,
        1.250071406364441,
        0.10837661474943161,
        -0.042713556438684464,
        1.2603570222854614,
        0.3207467198371887,
        0.6090608835220337,
        0.19335895776748657
      ]
    ]
  },
  {
    "pose_idx": "039",
    "x_offset": 0.2,
    "z_rotation_deg": 0,
    "obj_pose": [
      [
        -0.7312176589138129,
        0.6781636870475589,
        0.07358497715337753,
