[
  {
    "pose_idx": "000",
    "x_offset": 0.2,
    "z_rotation_deg": 0,
    "obj_pose": [
      [
        0.8231092253008889,
        -0.14114425460592228,
        0.55006318056775,
        0.2
      ],
      [
        -0.19087172426228444,
        -0.9810297972415396,
        0.033889848057593576,
        0.0
      ],
      [
        0.534845013159619,
        -0.13288655430841345,
        -0.8344351236509191,
        0.14757396453669638
      ],
      [
        0.0,
        0.0,
        0.0,
        1.0
      ]
    ],
    "qpos_list": [
      [
        1.5438954830169678,
        0.08629123121500015,
        -0.15322449803352356,
        1.8897978067398071,
        -1.2737023830413818,
        -2.832613706588745,
        0.13211260735988617,
        1.0857493877410889,
        0.2845614552497864,
        0.19200894236564636,
        0.2543383836746216,
        1.1455729007720947,
        0.3589904010295868,
        0.1963350623846054,
        0.36877572536468506,
        1.296002745628357,
        0.3499980568885803,
        0.05015923082828522,
        1.276506781578064,
        0.20203648507595062,
        0.45740458369255066,
        0.13685932755470276
      ],
      [
        1.5000249147415161,
        0.13769741356372833,
        -0.21916325390338898,
        1.966174602508545,
        -1.1486444473266602,
        -2.9149222373962402,
        0.06179478019475937,
        0.8491745591163635,
        0.25662311911582947,
        0.21154476702213287,
        0.21083912253379822,
        1.0882136821746826,
        0.1776817888021469,
        -0.0428021140396595,
        0.3513069748878479,
        1.2141636610031128,
        0.2580350935459137,
        -0.042025383561849594,
        1.2659401893615723,
        0.04814113304018974,
        0.7054457068443298,
        0.2371644377708435
      ],
      [
        -0.480546236038208,
        -1.1884278059005737,
        -0.4787978231906891,
        0.5864633321762085,
        1.3761367797851562,
        -2.581861734390259,
        -0.08609860390424728,
        0.9158818125724792,
        0.1270732581615448,
        0.009707553312182426,
        0.11101110279560089,
        0.6331088542938232,
        0.33867064118385315,
        0.35922640562057495,
        0.26678982377052307,
        1.1035003662109375,
        0.2525060474872589,
        0.09070628881454468,
        1.235103726387024,
        0.14366312325000763,
        0.8055957555770874,
        0.3573421239852905
      ]
    ]
  },
  {
    "pose_idx": "000",
    "x_offset": 0.2,
    "z_rotation_deg": 240,
    "obj_pose": [
      [
        -0.5768543747257218,
        -0.7790245989777088,
        -0.24568212093560451,
        0.2
      ],
      [
        -0.6173976370687563,
        0.6127494087077177,
        -0.493313612086935,
        0.0
      ],
      [
        0.534845013159619,
        -0.13288655430841345,
        -0.8344351236509191,
        0.14757396453669638
      ],
      [
        0.0,
        0.0,
        0.0,
        1.0
      ]
    ],
    "qpos_list": [
      [
        -1.5700000524520874,
        0.11512043327093124,
        -0.18013370037078857,
        4.263974666595459,
        -1.2797400951385498,
        -0.9927984476089478,
        0.0493776835501194,
        0.9195334315299988,
        0.4417160451412201,
        0.0955636203289032,
        0.1890324503183365,
        1.0096073150634766,
        0.22520536184310913,
        0.11001395434141159,
        0.32851937413215637,
        1.1058510541915894,
        0.27662113308906555,
        0.1019665077328682,
        1.277811050415039,
        0.5155051946640015,
        0.7837439775466919,
        0.26483723521232605
      ]
    ]
  },
  {
    "pose_idx": "000",
    "x_offset": 0.2,
    "z_rotation_deg": 270,
    "obj_pose": [
      [
        -0.19087172426228458,
        -0.9810297972415396,
        0.03388984805759347,
        0.2
      ],
      [
        -0.8231092253008889,
        0.14114425460592245,
        -0.55006318056775,
        0.0
      ],
      [
        0.534845013159619,
        -0.13288655430841345,
        -0.8344351236509191,
        0.14757396453669638
      ],
      [
        0.0,
        0.0,
        0.0,
        1.0
      ]
    ],
    "qpos_list": [
      [
        0.5036648511886597,
        -1.3093597888946533,
        -0.4788672626018524,
        -0.6500941514968872,
        1.6694856882095337,
        -0.10308075696229935,
        -0.08609860390424728,
        0.9158818125724792,
        0.1270732581615448,
        0.009707553312182426,
        0.11101110279560089,
        0.6331088542938232,
        0.33867064118385315,
        0.35922640562057495,
        0.26678982377052307,
        1.1035003662109375,
        0.2525060474872589,
        0.09070628881454468,
        1.235103726387024,
        0.14366312325000763,
        0.8055957555770874,
        0.3573421239852905
      ],
      [
        -1.0955448150634766,
        -0.3778856694698334,
        -0.3155308961868286,
        1.0082627534866333,
        1.6082993745803833,
        -3.591912031173706,
        0.0493776835501194,
        0.9195334315299988,
        0.4417160451412201,
        0.0955636203289032,
        0.1890324503183365,
        1.0096073150634766,
        0.22520536184310913,
        0.11001395434141159,
        0.32851937413215637,
        1.1058510541915894,
        0.27662113308906555,
        0.1019665077328682,
        1.277811050415039,
        0.5155051946640015,
        0.7837439775466919,
        0.26483723521232605
      ],
      [
        -1.365992784500122,
        0.04313642159104347,
        -0.3748597204685211,
        1.0656700134277344,
        1.6649786233901978,
        -3.373605251312256,
        0.03809954598546028,
        0.7831430435180664,
        0.5046408772468567,
        0.2766295075416565,
        0.07143454253673553,
        1.1133973598480225,
        0.024167342111468315,
        -0.03889735788106918,
        0.10678084939718246,
        0.9707699418067932,
        0.3399302363395691,
        0.19705049693584442,
        1.1931660175323486,
        0.3931818902492523,
        0.8000020384788513,
        0.2804381847381592
      ]
    ]
  },
  {
    "pose_idx": "000",
    "x_offset": 0.2,
    "z_rotation_deg": 300,
    "obj_pose": [
      [
        0.24625485057516766,
        -0.9201688535836314,
        0.30438105963214585,
        0.2
      ],
      [
        -0.808269361331041,
        -0.36828038853382244,
        -0.45942376402934154,
        0.0
      ],
      [
        0.534845013159619,
        -0.13288655430841345,
        -0.8344351236509191,
        0.14757396453669638
      ],
      [
        0.0,
        0.0,
        0.0,
        1.0
      ]
    ],
    "qpos_list": [
      [
        0.9065423011779785,
        -0.07900302112102509,
        -0.5639971494674683,
        -0.9106113910675049,
        1.6108834743499756,
        -0.3063533306121826,
        0.02332429587841034,
        0.867599368095398,
        0.1925675868988037,
        0.005232987925410271,
        0.16598713397979736,
        0.9720057249069214,
        0.21296809613704681,
        0.041633348912000656,
        0.2529009282588959,
        1.021819829940796,
        0.37328681349754333,
        0.14505013823509216,
        1.2828270196914673,
        0.12354227900505066,
        0.8013207912445068,
        0.3041696846485138
      ],
      [
        0.0341959111392498,
        -1.461512804031372,
        -0.35947591066360474,
        -0.2862356901168823,
        1.232797622680664,
        -0.9767560958862305,
        -0.08609860390424728,
        0.9158818125724792,
        0.1270732581615448,
        0.009707553312182426,
        0.11101110279560089,
        0.6331088542938232,
        0.33867064118385315,
        0.35922640562057495,
        0.26678982377052307,
        1.1035003662109375,
        0.2525060474872589,
        0.09070628881454468,
        1.235103726387024,
        0.14366312325000763,
        0.8055957555770874,
        0.3573421239852905
      ],
      [
        0.9335434436798096,
        0.45829254388809204,
        -0.8427820205688477,
        2.2110090255737305,
        -1.612097144126892,
        -3.0890350341796875,
        0.0626625344157219,
        0.914426326751709,
        0.24016472697257996,
        0.10918629169464111,
        0.21066869795322418,
        0.9785262942314148,
        0.24290171265602112,
        0.10819076746702194,
        0.3620564043521881,
        0.928019642829895,
        0.4427107572555542,
        0.10222157090902328,
        1.2828999757766724,
        0.2703793942928314,
        0.7468258738517761,
        0.2962280511856079
      ],
      [
        0.9685502052307129,
        0.527751088142395,
        -0.7970777153968811,
        2.185154914855957,
        -1.5392743349075317,
        -3.1689376831054688,
        0.17709587514400482,
        0.9582541584968567,
        0.21112298965454102,
        0.03631344065070152,
        0.18708816170692444,
        0.9760748744010925,
        0.3899896740913391,
        0.20192532241344452,
        0.2857559621334076,
        0.9974435567855835,
        0.5119795203208923,
        0.27572351694107056,
        1.160752773284912,
        0.02512812428176403,
        0.6912267804145813,
        0.36342543363571167
      ],
      [
        -0.985119640827179,
        0.2718196213245392,
        -0.7076810002326965,
        0.9417052268981934,
        1.7658796310424805,
        -3.3140852451324463,
        0.03809954598546028,
        0.7831430435180664,
        0.5046408772468567,
        0.2766295075416565,
        0.07143454253673553,
        1.1133973598480225,
        0.024167342111468315,
        -0.03889735788106918,
        0.10678084939718246,
        0.9707699418067932,
        0.3399302363395691,
        0.19705049693584442,
        1.1931660175323486,
        0.3931818902492523,
        0.8000020384788513,
        0.2804381847381592
      ]
    ]
  },
  {
    "pose_idx": "000",
    "x_offset": 0.2,
    "z_rotation_deg": 330,
    "obj_pose": [
      [
        0.6173976370687563,
        -0.6127494087077177,
        0.493313612086935,
        0.2
      ],
      [
        -0.5768543747257218,
        -0.7790245989777088,
        -0.24568212093560451,
        0.0
      ],
      [
        0.534845013159619,
        -0.13288655430841345,
        -0.8344351236509191,
        0.14757396453669638
      ],
      [
        0.0,
        0.0,
        0.0,
        1.0
      ]
    ],
    "qpos_list": [
      [
        0.7975592017173767,
        -0.9352137446403503,
        -0.06267107278108597,
        -1.1796644926071167,
        1.3322484493255615,
        -0.2835116684436798,
        0.1292944699525833,
        1.1979594230651855,
        0.3919902443885803,
        0.1899014413356781,
        0.23190659284591675,
        1.3687025308609009,
        0.35141560435295105,
        0.12638570368289948,
        0.3771984577178955,
        1.427493691444397,
        0.6192106008529663,
        0.14762112498283386,
        1.2488303184509277,
        0.16425250470638275,
        0.2163005918264389,
        0.190375417470932
      ],
      [
        0.9563625454902649,
        -0.0706699937582016,
        -0.39551958441734314,
        2.025829315185547,
        -1.1735073328018188,
        -2.9072861671447754,
        0.11496518552303314,
        1.0948238372802734,
        0.2845427095890045,
        0.18187189102172852,
        0.22996565699577332,
        1.1411207914352417,
        0.4274945855140686,
        0.20029710233211517,
        0.37156328558921814,
        1.3751012086868286,
        0.44552868604660034,
        0.12657128274440765,
        1.2434049844741821,
        0.06232184171676636,
        0.43952828645706177,
        0.1552264243364334
      ],
      [
        1.3290221691131592,
        0.33466893434524536,
        -0.5000611543655396,
        2.098184585571289,
        -1.3687877655029297,
        -3.0771353244781494,
        0.06681889295578003,
        0.8831574320793152,
        0.20746661722660065,
        0.02680789865553379,
        0.16120587289333344,
        0.9943495392799377,
        0.19609394669532776,
        0.12347329407930374,
        0.31097719073295593,
        1.0025635957717896,
        0.3777063488960266,
        0.05525190010666847,
        1.2818683385849,
        0.1873340606689453,
        0.8084784746170044,
        0.18715356290340424
      ],
      [
        1.367151141166687,
        -0.39696359634399414,
        -0.2113194763660431,
        -1.0824090242385864,
        1.6721954345703125,
        -0.3434305787086487,
        0.17709587514400482,
        0.9582541584968567,
        0.21112298965454102,
        0.03631344065070152,
        0.18708816170692444,
        0.9760748744010925,
        0.3899896740913391,
        0.20192532241344452,
        0.2857559621334076,
        0.9974435567855835,
        0.5119795203208923,
        0.27572351694107056,
        1.160752773284912,
        0.02512812428176403,
        0.6912267804145813,
        0.36342543363571167
      ],
      [
        -0.3003471791744232,
        -1.3912595510482788,
        -0.36705800890922546,
        0.2632380425930023,
        1.159074068069458,
        -1.8791029453277588,
        -0.08609860390424728,
        0.9158818125724792,
        0.1270732581615448,
        0.009707553312182426,
        0.11101110279560089,
        0.6331088542938232,
        0.33867064118385315,
        0.35922640562057495,
        0.26678982377052307,
        1.1035003662109375,
        0.2525060474872589,
        0.09070628881454468,
        1.235103726387024,
        0.14366312325000763,
        0.8055957555770874,
        0.3573421239852905
      ],
      [
        1.3270459175109863,
        0.3202870786190033,
        -0.4809590280056,
        2.089691638946533,
        -1.305529236793518,
        -3.0692129135131836,
        0.02332429587841034,
        0.867599368095398,
        0.1925675868988037,
        0.005232987925410271,
        0.16598713397979736,
        0.9720057249069214,
        0.21296809613704681,
        0.041633348912000656,
        0.2529009282588959,
        1.021819829940796,
        0.37328681349754333,
        0.14505013823509216,
        1.2828270196914673,
        0.12354227900505066,
        0.8013207912445068,
        0.3041696846485138
      ],
      [
        1.1075760126113892,
        0.2876814007759094,
        -0.531923234462738,
        2.0184261798858643,
        -1.3527113199234009,
        -2.9972355365753174,
        0.13211260735988617,
        1.0857493877410889,
        0.2845614552497864,
        0.19200894236564636,
        0.2543383836746216,
        1.1455729007720947,
        0.3589904010295868,
        0.1963350623846054,
        0.36877572536468506,
        1.296002745628357,
        0.3499980568885803,
        0.05015923082828522,
        1.276506781578064,
        0.20203648507595062,
        0.45740458369255066,
        0.13685932755470276
      ],
      [
        1.0692249536514282,
        0.33180052042007446,
        -0.5967769622802734,
        2.1192264556884766,
        -1.246490716934204,
        -3.0824127197265625,
        0.06179478019475937,
        0.8491745591163635,
        0.25662311911582947,
        0.21154476702213287,
        0.21083912253379822,
        1.0882136821746826,
        0.1776817888021469,
        -0.0428021140396595,
        0.3513069748878479,
        1.2141636610031128,
        0.2580350935459137,
        -0.042025383561849594,
        1.2659401893615723,
        0.04814113304018974,
        0.7054457068443298,
        0.2371644377708435
      ],
      [
        1.0289753675460815,
        -0.48308005928993225,
        -0.25707095861434937,
        -1.0643582344055176,
        1.405053734779358,
        -0.4067375361919403,
        0.14259850978851318,
        0.9095779657363892,
        0.17001847922801971,
        0.09581667929887772,
        0.13981220126152039,
        1.0132776498794556,
        0.3484116196632385,
        0.1180649921298027,
        0.2642679214477539,
        1.2450380325317383,
        0.24810762703418732,
        -0.04220364987850189,
        1.28130042552948,
        0.04529527947306633,
        0.7430164217948914,
        0.20455294847488403
      ],
      [
        1.3659216165542603,
        -0.4529017210006714,
        -0.2737021744251251,
        -1.0458860397338867,
        1.7610028982162476,
        -0.26127272844314575,
        0.0626625344157219,
        0.914426326751709,
        0.24016472697257996,
        0.10918629169464111,
        0.21066869795322418,
        0.9785262942314148,
        0.24290171265602112,
        0.10819076746702194,
        0.3620564043521881,
        0.928019642829895,
        0.4427107572555542,
        0.10222157090902328,
        1.2828999757766724,
        0.2703793942928314,
        0.7468258738517761,
        0.2962280511856079
      ],
      [
        1.2478662729263306,
        -0.3577824532985687,
        -0.25653746724128723,
        -1.0401077270507812,
        1.5900473594665527,
        -0.14004792273044586,
        -0.01106859277933836,
        0.7439098954200745,
        0.4265942871570587,
        0.3023982048034668,
        0.14279277622699738,
        0.9806502461433411,
        0.21466496586799622,
        0.18258237838745117,
        0.29681989550590515,
        0.9437009692192078,
        0.4710954427719116,
        0.1039833351969719,
        1.2823295593261719,
        0.21213187277317047,
        0.7750797271728516,
        0.2780779302120209
      ],
      [
        1.2538301944732666,
        0.3411189019680023,
        -0.5379111170768738,
        2.103708028793335,
        -1.3083051443099976,
        -3.234776020050049,
        0.28530243039131165,
        0.9238907098770142,
        0.015985213220119476,
        -0.042463935911655426,
        0.293815940618515,
        0.9934565424919128,
        0.2674230933189392,
        -0.03605392947793007,
        0.36745551228523254,
        1.1273014545440674,
        0.32140636444091797,
        -0.04233501851558685,
        1.1888585090637207,
        0.16892306506633759,
        0.7581648230552673,
        0.3456152379512787
      ]
    ]
  },
  {
    "pose_idx": "000",
    "x_offset": 0.25,
    "z_rotation_deg": 0,
    "obj_pose": [
      [
        0.8231092253008889,
        -0.14114425460592228,
        0.55006318056775,
        0.25
      ],
      [
        -0.19087172426228444,
        -0.9810297972415396,
        0.033889848057593576,
        0.0
      ],
      [
        0.534845013159619,
        -0.13288655430841345,
        -0.8344351236509191,
        0.14757396453669638
      ],
      [
        0.0,
        0.0,
        0.0,
        1.0
      ]
    ],
    "qpos_list": [
      [
        1.4930657148361206,
        0.1594257950782776,
        -0.13839539885520935,
        1.7561784982681274,
        -1.2088077068328857,
        -3.031920909881592,
        0.28530243039131165,
        0.9238907098770142,
        0.015985213220119476,
        -0.042463935911655426,
        0.293815940618515,
        0.9934565424919128,
        0.2674230933189392,
        -0.03605392947793007,
        0.36745551228523254,
        1.1273014545440674,
        0.32140636444091797,
        -0.04233501851558685,
        1.1888585090637207,
        0.16892306506633759,
        0.7581648230552673,
        0.3456152379512787
      ],
      [
        0.22739776968955994,
        -1.1531528234481812,
        0.07511652261018753,
        4.7367353439331055,
        0.4274730384349823,
        -0.6116476655006409,
        0.1292944699525833,
        1.1979594230651855,
        0.3919902443885803,
        0.1899014413356781,
        0.23190659284591675,
        1.3687025308609009,
        0.35141560435295105,
        0.12638570368289948,
        0.3771984577178955,
        1.427493691444397,
        0.6192106008529663,
        0.14762112498283386,
        1.2488303184509277,
        0.16425250470638275,
        0.2163005918264389,
        0.190375417470932
      ],
      [
        1.2718052864074707,
        0.10340484231710434,
        -0.1846884787082672,
        1.6240170001983643,
        -1.256600022315979,
        -2.851161479949951,
        0.13211260735988617,
        1.0857493877410889,
        0.2845614552497864,
        0.19200894236564636,
        0.2543383836746216,
        1.1455729007720947,
        0.3589904010295868,
        0.1963350623846054,
        0.36877572536468506,
        1.296002745628357,
        0.3499980568885803,
        0.05015923082828522,
        1.276506781578064,
        0.20203648507595062,
        0.45740458369255066,
        0.13685932755470276
      ],
      [
        1.2549166679382324,
        0.15727819502353668,
        -0.2574864625930786,
        1.7330666780471802,
        -1.1324436664581299,
        -2.941319227218628,
        0.06179478019475937,
        0.8491745591163635,
        0.25662311911582947,
        0.21154476702213287,
        0.21083912253379822,
        1.0882136821746826,
        0.1776817888021469,
        -0.0428021140396595,
        0.3513069748878479,
        1.2141636610031128,
        0.2580350935459137,
        -0.042025383561849594,
        1.2659401893615723,
        0.04814113304018974,
        0.7054457068443298,
        0.2371644377708435
      ],
      [
        1.340179443359375,
        0.007699146401137114,
        -0.16434375941753387,
        1.7079323530197144,
        -1.1257654428482056,
        -3.003084897994995,
        0.14259850978851318,
        0.9095779657363892,
        0.17001847922801971,
        0.09581667929887772,
        0.13981220126152039,
        1.0132776498794556,
        0.3484116196632385,
        0.1180649921298027,
        0.2642679214477539,
        1.2450380325317383,
        0.24810762703418732,
        -0.04220364987850189,
        1.28130042552948,
        0.04529527947306633,
        0.7430164217948914,
        0.20455294847488403
      ],
      [
        -0.3337443768978119,
        -0.9959391355514526,
        -0.5361403226852417,
        0.567330002784729,
        1.182931900024414,
        -2.530261516571045,
        -0.08609860390424728,
        0.9158818125724792,
        0.1270732581615448,
        0.009707553312182426,
        0.11101110279560089,
        0.6331088542938232,
        0.33867064118385315,
        0.35922640562057495,
        0.26678982377052307,
        1.1035003662109375,
        0.2525060474872589,
        0.09070628881454468,
        1.235103726387024,
        0.14366312325000763,
        0.8055957555770874,
        0.3573421239852905
      ],
      [
        0.9974982738494873,
        -0.3126019835472107,
        -0.16666127741336823,
        1.6319117546081543,
        -0.9658764004707336,
        -2.9845964908599854,
        0.11496518552303314,
        1.0948238372802734,
        0.2845427095890045,
        0.18187189102172852,
        0.22996565699577332,
        1.1411207914352417,
        0.4274945855140686,
        0.20029710233211517,
        0.37156328558921814,
        1.3751012086868286,
        0.44552868604660034,
        0.12657128274440765,
        1.2434049844741821,
        0.06232184171676636,
        0.43952828645706177,
        0.1552264243364334
      ]
    ]
  },
  {
    "pose_idx": "000",
    "x_offset": 0.25,
    "z_rotation_deg": 30,
    "obj_pose": [
      [
        0.8082693613310411,
        0.3682803885338223,
        0.4594237640293416,
        0.25
      ],
      [
        0.2462548505751675,
        -0.9201688535836315,
        0.30438105963214573,
        0.0
      ],
      [
        0.534845013159619,
        -0.13288655430841345,
        -0.8344351236509191,
        0.14757396453669638
      ],
      [
        0.0,
        0.0,
        0.0,
        1.0
      ]
    ],
    "qpos_list": [
      [
        0.28656408190727234,
        -1.1280256509780884,
        -0.09036010503768921,
        3.0097732543945312,
        -0.10342520475387573,
        0.8990265727043152,
        0.1292944699525833,
        1.1979594230651855,
        0.3919902443885803,
        0.1899014413356781,
        0.23190659284591675,
        1.3687025308609009,
        0.35141560435295105,
        0.12638570368289948,
        0.3771984577178955,
        1.427493691444397,
        0.6192106008529663,
        0.14762112498283386,
        1.2488303184509277,
        0.16425250470638275,
        0.2163005918264389,
        0.190375417470932
      ],
      [
        0.15711453557014465,
        -1.0434389114379883,
        -0.1507420837879181,
        -2.8981375694274902,
        -0.18534955382347107,
        0.46259772777557373,
        0.11496518552303314,
        1.0948238372802734,
        0.2845427095890045,
        0.18187189102172852,
        0.22996565699577332,
        1.1411207914352417,
        0.4274945855140686,
        0.20029710233211517,
        0.37156328558921814,
        1.3751012086868286,
        0.44552868604660034,
        0.12657128274440765,
        1.2434049844741821,
        0.06232184171676636,
        0.43952828645706177,
        0.1552264243364334
      ]
    ]
  },
  {
    "pose_idx": "000",
    "x_offset": 0.25,
    "z_rotation_deg": 60,
    "obj_pose": [
      [
        0.5768543747257214,
        0.7790245989777091,
        0.24568212093560432,
        0.25
      ],
      [
        0.6173976370687566,
        -0.6127494087077173,
        0.4933136120869351,
        0.0
      ],
      [
        0.534845013159619,
        -0.13288655430841345,
        -0.8344351236509191,
        0.14757396453669638
      ],
      [
        0.0,
        0.0,
        0.0,
        1.0
      ]
    ],
    "qpos_list": [
      [
        -0.8799301385879517,
        -0.34211644530296326,
        -0.025197187438607216,
        -1.8384138345718384,
        -1.184775710105896,
        -1.9845551252365112,
        0.1292944699525833,
        1.1979594230651855,
        0.3919902443885803,
        0.1899014413356781,
        0.23190659284591675,
        1.3687025308609009,
        0.35141560435295105,
        0.12638570368289948,
        0.3771984577178955,
        1.427493691444397,
        0.6192106008529663,
        0.14762112498283386,
        1.2488303184509277,
        0.16425250470638275,
        0.2163005918264389,
        0.190375417470932
      ],
      [
        -0.8520821928977966,
        -0.5350949168205261,
        -0.016220903024077415,
        -1.8964921236038208,
        -1.1116228103637695,
        -1.7879343032836914,
        0.11496518552303314,
        1.0948238372802734,
        0.2845427095890045,
        0.18187189102172852,
        0.22996565699577332,
        1.1411207914352417,
        0.4274945855140686,
        0.20029710233211517,
        0.37156328558921814,
        1.3751012086868286,
        0.44552868604660034,
        0.12657128274440765,
        1.2434049844741821,
        0.06232184171676636,
        0.43952828645706177,
        0.1552264243364334
      ]
    ]
  },
  {
    "pose_idx": "000",
    "x_offset": 0.25,
    "z_rotation_deg": 90,
    "obj_pose": [
      [
        0.1908717242622845,
        0.9810297972415396,
        -0.03388984805759354,
        0.25
      ],
      [
        0.8231092253008889,
        -0.14114425460592234,
        0.55006318056775,
        0.0
      ],
      [
        0.534845013159619,
        -0.13288655430841345,
        -0.8344351236509191,
        0.14757396453669638
      ],
      [
        0.0,
        0.0,
        0.0,
        1.0
      ]
    ],
    "qpos_list": [
      [
        -1.207587480545044,
        -0.75527024269104,
        -0.09619563817977905,
        0.69928377866745,
        1.924142837524414,
        0.9106706976890564,
        0.13211260735988617,
        1.0857493877410889,
        0.2845614552497864,
        0.19200894236564636,
        0.2543383836746216,
        1.1455729007720947,
        0.3589904010295868,
        0.1963350623846054,
        0.36877572536468506,
        1.296002745628357,
        0.3499980568885803,
        0.05015923082828522,
        1.276506781578064,
        0.20203648507595062,
        0.45740458369255066,
        0.13685932755470276
      ],
      [
        -1.249462604522705,
        0.14516480267047882,
        -0.23220379650592804,
        -2.415722608566284,
        -1.1829643249511719,
        -2.7671499252319336,
        0.06179478019475937,
        0.8491745591163635,
        0.25662311911582947,
        0.21154476702213287,
        0.21083912253379822,
        1.0882136821746826,
        0.1776817888021469,
        -0.0428021140396595,
        0.3513069748878479,
        1.2141636610031128,
        0.2580350935459137,
        -0.042025383561849594,
        1.2659401893615723,
        0.04814113304018974,
        0.7054457068443298,
        0.2371644377708435
      ],
      [
        1.5163240432739258,
        1.424008846282959,
        -0.6136694550514221,
        2.4756016731262207,
        -1.6104083061218262,
        -0.5301037430763245,
        0.007890495471656322,
        1.4305262565612793,
        0.2996194064617157,
        -0.03492940217256546,
        -0.2685309052467346,
        1.0820053815841675,
        0.2816493511199951,
        0.19079038500785828,
        0.07474789023399353,
        1.381148099899292,
        0.34912919998168945,
        -0.0428524911403656,
        1.2823318243026733,
        0.3709997534751892,
        0.7477666139602661,
        0.22869978845119476
      ]
    ]
  },
  {
    "pose_idx": "000",
    "x_offset": 0.25,
    "z_rotation_deg": 150,
    "obj_pose": [
      [
        -0.6173976370687567,
        0.6127494087077172,
        -0.49331361208693514,
        0.25
      ],
      [
        0.5768543747257213,
        0.7790245989777093,
        0.2456821209356042,
        0.0
      ],
      [
        0.534845013159619,
        -0.13288655430841345,
        -0.8344351236509191,
        0.14757396453669638
      ],
      [
        0.0,
        0.0,
        0.0,
        1.0
      ]
    ],
    "qpos_list": [
      [
        1.22213876247406,
        0.18269304931163788,
        -0.29997190833091736,
        2.38996958732605,
        -1.3384913206100464,
        -1.139859914779663,
        0.0493776835501194,
        0.9195334315299988,
        0.4417160451412201,
        0.0955636203289032,
        0.1890324503183365,
        1.0096073150634766,
        0.22520536184310913,
        0.11001395434141159,
        0.32851937413215637,
        1.1058510541915894,
        0.27662113308906555,
        0.1019665077328682,
        1.277811050415039,
        0.5155051946640015,
        0.7837439775466919,
        0.26483723521232605
      ]
    ]
  },
  {
    "pose_idx": "000",
    "x_offset": 0.25,
    "z_rotation_deg": 240,
    "obj_pose": [
      [
        -0.5768543747257218,
        -0.7790245989777088,
        -0.24568212093560451,
        0.25
      ],
      [
        -0.6173976370687563,
        0.6127494087077177,
        -0.493313612086935,
        0.0
      ],
      [
        0.534845013159619,
        -0.13288655430841345,
        -0.8344351236509191,
        0.14757396453669638
      ],
      [
        0.0,
        0.0,
        0.0,
        1.0
      ]
    ],
    "qpos_list": [
      [
        -1.3230091333389282,
        0.12983249127864838,
        -0.19941098988056183,
        4.5124006271362305,
        -1.266768217086792,
        -0.9839003086090088,
        0.0493776835501194,
        0.9195334315299988,
        0.4417160451412201,
        0.0955636203289032,
        0.1890324503183365,
        1.0096073150634766,
        0.22520536184310913,
        0.11001395434141159,
        0.32851937413215637,
        1.1058510541915894,
        0.27662113308906555,
        0.1019665077328682,
        1.277811050415039,
        0.5155051946640015,
        0.7837439775466919,
        0.26483723521232605
      ]
    ]
  },
  {
    "pose_idx": "000",
    "x_offset": 0.25,
    "z_rotation_deg": 270,
    "obj_pose": [
      [
        -0.19087172426228458,
        -0.9810297972415396,
        0.03388984805759347,
        0.25
      ],
      [
        -0.8231092253008889,
        0.14114425460592245,
        -0.55006318056775,
        0.0
      ],
      [
        0.534845013159619,
        -0.13288655430841345,
        -0.8344351236509191,
        0.14757396453669638
      ],
      [
        0.0,
        0.0,
        0.0,
        1.0
      ]
    ],
    "qpos_list": [
      [
        0.4122198820114136,
        -0.5325847864151001,
        -0.8608739376068115,
        2.478684902191162,
        -1.2999467849731445,
        -3.0771186351776123,
        -0.08609860390424728,
        0.9158818125724792,
        0.1270732581615448,
        0.009707553312182426,
        0.11101110279560089,
        0.6331088542938232,
        0.33867064118385315,
        0.35922640562057495,
        0.26678982377052307,
        1.1035003662109375,
        0.2525060474872589,
        0.09070628881454468,
        1.235103726387024,
        0.14366312325000763,
        0.8055957555770874,
        0.3573421239852905
      ],
      [
        -1.183435320854187,
        0.07785080373287201,
        -0.4187542200088501,
        1.240309476852417,
        1.613677740097046,
        -3.3407647609710693,
        0.03809954598546028,
        0.7831430435180664,
        0.5046408772468567,
        0.2766295075416565,
        0.07143454253673553,
        1.1133973598480225,
        0.024167342111468315,
        -0.03889735788106918,
        0.10678084939718246,
        0.9707699418067932,
        0.3399302363395691,
        0.19705049693584442,
        1.1931660175323486,
        0.3931818902492523,
        0.8000020384788513,
        0.2804381847381592
      ],
      [
        -0.9212201237678528,
        -0.2753673493862152,
        -0.39774999022483826,
        1.1430509090423584,
        1.5019152164459229,
        -3.557474136352539,
        0.0493776835501194,
        0.9195334315299988,
        0.4417160451412201,
        0.0955636203289032,
        0.1890324503183365,
        1.0096073150634766,
        0.22520536184310913,
        0.11001395434141159,
        0.32851937413215637,
        1.1058510541915894,
        0.27662113308906555,
        0.1019665077328682,
        1.277811050415039,
        0.5155051946640015,
        0.7837439775466919,
        0.26483723521232605
      ]
    ]
  },
  {
    "pose_idx": "000",
    "x_offset": 0.25,
    "z_rotation_deg": 300,
    "obj_pose": [
      [
        0.24625485057516766,
        -0.9201688535836314,
        0.30438105963214585,
        0.25
      ],
      [
        -0.808269361331041,
        -0.36828038853382244,
        -0.45942376402934154,
        0.0
      ],
      [
        0.534845013159619,
        -0.13288655430841345,
        -0.8344351236509191,
        0.14757396453669638
      ],
      [
        0.0,
        0.0,
        0.0,
        1.0
      ]
    ],
    "qpos_list": [
      [
        -0.0021452573128044605,
        -1.23475980758667,
        -0.4028246998786926,
        -0.2885647714138031,
        1.0467513799667358,
        -0.9574927687644958,
        -0.08609860390424728,
        0.9158818125724792,
        0.1270732581615448,
        0.009707553312182426,
        0.11101110279560089,
        0.6331088542938232,
        0.33867064118385315,
        0.35922640562057495,
        0.26678982377052307,
        1.1035003662109375,
        0.2525060474872589,
        0.09070628881454468,
        1.235103726387024,
        0.14366312325000763,
        0.8055957555770874,
        0.3573421239852905
      ],
      [
        0.8536851406097412,
        0.5880533456802368,
        -0.93305903673172,
        2.077749013900757,
        -1.5500608682632446,
        -3.2514278888702393,
        0.17709587514400482,
        0.9582541584968567,
        0.21112298965454102,
        0.03631344065070152,
        0.18708816170692444,
        0.9760748744010925,
        0.3899896740913391,
        0.20192532241344452,
        0.2857559621334076,
        0.9974435567855835,
        0.5119795203208923,
        0.27572351694107056,
        1.160752773284912,
        0.02512812428176403,
        0.6912267804145813,
        0.36342543363571167
      ],
      [
        0.8156696557998657,
        0.568609356880188,
        -0.9981157183647156,
        2.1463701725006104,
        -1.4491091966629028,
        -3.301076650619507,
        0.02332429587841034,
        0.867599368095398,
        0.1925675868988037,
        0.005232987925410271,
        0.16598713397979736,
        0.9720057249069214,
        0.21296809613704681,
        0.041633348912000656,
        0.2529009282588959,
        1.021819829940796,
        0.37328681349754333,
        0.14505013823509216,
        1.2828270196914673,
        0.12354227900505066,
        0.8013207912445068,
        0.3041696846485138
      ],
      [
        -0.8787717819213867,
        0.33905473351478577,
        -0.8096659779548645,
        1.0475448369979858,
        1.7457325458526611,
        -3.258678436279297,
        0.03809954598546028,
        0.7831430435180664,
        0.5046408772468567,
        0.2766295075416565,
        0.07143454253673553,
        1.1133973598480225,
        0.024167342111468315,
        -0.03889735788106918,
        0.10678084939718246,
        0.9707699418067932,
        0.3399302363395691,
        0.19705049693584442,
        1.1931660175323486,
        0.3931818902492523,
        0.8000020384788513,
        0.2804381847381592
      ],
      [
        0.8261639475822449,
        0.5307080149650574,
        -0.988269567489624,
        2.109224319458008,
        -1.616172432899475,
        -3.1741626262664795,
        0.0626625344157219,
        0.914426326751709,
        0.24016472697257996,
        0.10918629169464111,
        0.21066869795322418,
        0.9785262942314148,
        0.24290171265602112,
        0.10819076746702194,
        0.3620564043521881,
        0.928019642829895,
        0.4427107572555542,
        0.10222157090902328,
        1.2828999757766724,
        0.2703793942928314,
        0.7468258738517761,
        0.2962280511856079
      ]
    ]
  },
  {
    "pose_idx": "000",
    "x_offset": 0.25,
    "z_rotation_deg": 330,
    "obj_pose": [
      [
        0.6173976370687563,
        -0.6127494087077177,
        0.493313612086935,
        0.25
      ],
      [
        -0.5768543747257218,
        -0.7790245989777088,
        -0.24568212093560451,
        0.0
      ],
      [
        0.534845013159619,
        -0.13288655430841345,
        -0.8344351236509191,
        0.14757396453669638
      ],
      [
        0.0,
        0.0,
        0.0,
        1.0
      ]
    ],
    "qpos_list": [
      [
        1.1920359134674072,
        0.39303043484687805,
        -0.4789222478866577,
        1.875099539756775,
        -1.4112200736999512,
        -3.0292575359344482,
        0.17709587514400482,
        0.9582541584968567,
        0.21112298965454102,
        0.03631344065070152,
        0.18708816170692444,
        0.9760748744010925,
        0.3899896740913391,
        0.20192532241344452,
        0.2857559621334076,
        0.9974435567855835,
        0.5119795203208923,
        0.27572351694107056,
        1.160752773284912,
        0.02512812428176403,
        0.6912267804145813,
        0.36342543363571167
      ],
      [
        -0.19948095083236694,
        -1.1702375411987305,
        -0.4139610230922699,
        0.22191374003887177,
        0.965995192527771,
        -1.8153806924819946,
        -0.08609860390424728,
        0.9158818125724792,
        0.1270732581615448,
        0.009707553312182426,
        0.11101110279560089,
        0.6331088542938232,
        0.33867064118385315,
        0.35922640562057495,
        0.26678982377052307,
        1.1035003662109375,
        0.2525060474872589,
        0.09070628881454468,
        1.235103726387024,
        0.14366312325000763,
        0.8055957555770874,
        0.3573421239852905
      ],
      [
        1.126673698425293,
        0.40203529596328735,
