[
  {
    "pose_idx": "000",
    "x_offset": 0.2,
    "z_rotation_deg": 0,
    "obj_pose": [
      [
        -0.21469532497923693,
        -0.07283561291595009,
        0.9739614422158702,
        0.2
      ],
      [
        -0.9766797268887822,
        0.017666155337249245,
        -0.21397340498308148,
        0.0
      ],
      [
        -0.0016212700310213601,
        -0.9971874851033571,
        -0.07492990749179174,
        0.0724628967942816
      ],
      [
        0.0,
        0.0,
        0.0,
        1.0
      ]
    ],
    "qpos_list": [
      [
        -1.2248296737670898,
        0.27235206961631775,
        -0.41299405694007874,
        3.7917957305908203,
        -1.4522958993911743,
        -1.8510030508041382,
        -0.057020798325538635,
        0.7897376418113708,
        0.2723110616207123,
        0.09173139184713364,
        0.07480056583881378,
        0.7580136656761169,
        0.30464670062065125,
        0.3393017053604126,
        0.24194788932800293,
        0.9565026164054871,
        0.15057195723056793,
        0.043671462684869766,
        1.2821217775344849,
        0.3238099217414856,
        0.44431185722351074,
        0.16043797135353088
      ]
    ]
  },
  {
    "pose_idx": "000",
    "x_offset": 0.2,
    "z_rotation_deg": 240,
    "obj_pose": [
      [
        -0.738481792357314,
        0.05171714576723497,
        -0.6722871255575399,
        0.2
      ],
      [
        0.6742714689501664,
        0.054244413416798094,
        -0.736488648773932,
        0.0
      ],
      [
        -0.0016212700310213601,
        -0.9971874851033571,
        -0.07492990749179174,
        0.0724628967942816
      ],
      [
        0.0,
        0.0,
        0.0,
        1.0
      ]
    ],
    "qpos_list": [
      [
        1.3140788078308105,
        -0.5841098427772522,
        -0.15458562970161438,
        -0.9734771847724915,
        1.7663052082061768,
        0.5946715474128723,
        -0.057020798325538635,
        0.7897376418113708,
        0.2723110616207123,
        0.09173139184713364,
        0.07480056583881378,
        0.7580136656761169,
        0.30464670062065125,
        0.3393017053604126,
        0.24194788932800293,
        0.9565026164054871,
        0.15057195723056793,
        0.043671462684869766,
        1.2821217775344849,
        0.3238099217414856,
        0.44431185722351074,
        0.16043797135353088
      ]
    ]
  },
  {
    "pose_idx": "000",
    "x_offset": 0.25,
    "z_rotation_deg": 0,
    "obj_pose": [
      [
        -0.21469532497923693,
        -0.07283561291595009,
        0.9739614422158702,
        0.25
      ],
      [
        -0.9766797268887822,
        0.017666155337249245,
        -0.21397340498308148,
        0.0
      ],
      [
        -0.0016212700310213601,
        -0.9971874851033571,
        -0.07492990749179174,
        0.0724628967942816
      ],
      [
        0.0,
        0.0,
        0.0,
        1.0
      ]
    ],
    "qpos_list": [
      [
        -1.0427525043487549,
        0.31121826171875,
        -0.49427494406700134,
        3.965865135192871,
        -1.4638793468475342,
        -1.800581455230713,
        -0.057020798325538635,
        0.7897376418113708,
        0.2723110616207123,
        0.09173139184713364,
        0.07480056583881378,
        0.7580136656761169,
        0.30464670062065125,
        0.3393017053604126,
        0.24194788932800293,
        0.9565026164054871,
        0.15057195723056793,
        0.043671462684869766,
        1.2821217775344849,
        0.3238099217414856,
        0.44431185722351074,
        0.16043797135353088
      ]
    ]
  },
  {
    "pose_idx": "000",
    "x_offset": 0.25,
    "z_rotation_deg": 240,
    "obj_pose": [
      [
        -0.738481792357314,
        0.05171714576723497,
        -0.6722871255575399,
        0.25
      ],
      [
        0.6742714689501664,
        0.054244413416798094,
        -0.736488648773932,
        0.0
      ],
      [
        -0.0016212700310213601,
        -0.9971874851033571,
        -0.07492990749179174,
        0.0724628967942816
      ],
      [
        0.0,
        0.0,
        0.0,
        1.0
      ]
    ],
    "qpos_list": [
      [
        1.109098196029663,
        0.275920569896698,
        -0.42358607053756714,
        1.9799638986587524,
        -1.3978748321533203,
        -2.077336549758911,
        -0.057020798325538635,
        0.7897376418113708,
        0.2723110616207123,
        0.09173139184713364,
        0.07480056583881378,
        0.7580136656761169,
        0.30464670062065125,
        0.3393017053604126,
        0.24194788932800293,
        0.9565026164054871,
        0.15057195723056793,
        0.043671462684869766,
        1.2821217775344849,
        0.3238099217414856,
        0.44431185722351074,
        0.16043797135353088
      ]
    ]
  },
  {
    "pose_idx": "000",
    "x_offset": 0.25,
    "z_rotation_deg": 330,
    "obj_pose": [
      [
        -0.6742714689501664,
        -0.054244413416798094,
        0.736488648773932,
        0.25
      ],
      [
        -0.738481792357314,
        0.05171714576723497,
        -0.6722871255575399,
        0.0
      ],
      [
        -0.0016212700310213601,
        -0.9971874851033571,
        -0.07492990749179174,
        0.0724628967942816
      ],
      [
        0.0,
        0.0,
        0.0,
        1.0
      ]
    ],
    "qpos_list": [
      [
        -1.392920970916748,
        0.10713937878608704,
        -0.05638359859585762,
        -2.1099600791931152,
        -1.3146523237228394,
        -1.982985258102417,
        -0.057020798325538635,
        0.7897376418113708,
        0.2723110616207123,
        0.09173139184713364,
        0.07480056583881378,
        0.7580136656761169,
        0.30464670062065125,
        0.3393017053604126,
        0.24194788932800293,
        0.9565026164054871,
        0.15057195723056793,
        0.043671462684869766,
        1.2821217775344849,
        0.3238099217414856,
        0.44431185722351074,
        0.16043797135353088
      ]
    ]
  },
  {
    "pose_idx": "000",
    "x_offset": 0.3,
    "z_rotation_deg": 0,
    "obj_pose": [
      [
        -0.21469532497923693,
        -0.07283561291595009,
        0.9739614422158702,
        0.3
      ],
      [
        -0.9766797268887822,
        0.017666155337249245,
        -0.21397340498308148,
        0.0
      ],
      [
        -0.0016212700310213601,
        -0.9971874851033571,
        -0.07492990749179174,
        0.0724628967942816
      ],
      [
        0.0,
        0.0,
        0.0,
        1.0
      ]
    ],
    "qpos_list": [
      [
        -0.9045506715774536,
        -0.28404611349105835,
        -0.3870859742164612,
        0.9644876718521118,
        1.7274563312530518,
        -4.527320861816406,
        -0.057020798325538635,
        0.7897376418113708,
        0.2723110616207123,
        0.09173139184713364,
        0.07480056583881378,
        0.7580136656761169,
        0.30464670062065125,
        0.3393017053604126,
        0.24194788932800293,
        0.9565026164054871,
        0.15057195723056793,
        0.043671462684869766,
        1.2821217775344849,
        0.3238099217414856,
        0.44431185722351074,
        0.16043797135353088
      ]
    ]
  },
  {
    "pose_idx": "000",
    "x_offset": 0.3,
    "z_rotation_deg": 240,
    "obj_pose": [
      [
        -0.738481792357314,
        0.05171714576723497,
        -0.6722871255575399,
        0.3
      ],
      [
        0.6742714689501664,
        0.054244413416798094,
        -0.736488648773932,
        0.0
      ],
      [
        -0.0016212700310213601,
        -0.9971874851033571,
        -0.07492990749179174,
        0.0724628967942816
      ],
      [
        0.0,
        0.0,
        0.0,
        1.0
      ]
    ],
    "qpos_list": [
      [
        0.9454404711723328,
        0.3251955807209015,
        -0.5276274681091309,
        1.8296619653701782,
        -1.3888604640960693,
        -2.1392152309417725,
        -0.057020798325538635,
        0.7897376418113708,
        0.2723110616207123,
        0.09173139184713364,
        0.07480056583881378,
        0.7580136656761169,
        0.30464670062065125,
        0.3393017053604126,
        0.24194788932800293,
        0.9565026164054871,
        0.15057195723056793,
        0.043671462684869766,
        1.2821217775344849,
        0.3238099217414856,
        0.44431185722351074,
        0.16043797135353088
      ]
    ]
  },
  {
    "pose_idx": "000",
    "x_offset": 0.3,
    "z_rotation_deg": 330,
    "obj_pose": [
      [
        -0.6742714689501664,
        -0.054244413416798094,
        0.736488648773932,
        0.3
      ],
      [
        -0.738481792357314,
        0.05171714576723497,
        -0.6722871255575399,
        0.0
      ],
      [
        -0.0016212700310213601,
        -0.9971874851033571,
        -0.07492990749179174,
        0.0724628967942816
      ],
      [
        0.0,
        0.0,
        0.0,
        1.0
      ]
    ],
    "qpos_list": [
      [
        -1.0778923034667969,
        0.13300760090351105,
        -0.11551869660615921,
        4.481502056121826,
        -1.3369033336639404,
        -1.955732822418213,
        -0.057020798325538635,
        0.7897376418113708,
        0.2723110616207123,
        0.09173139184713364,
        0.07480056583881378,
        0.7580136656761169,
        0.30464670062065125,
        0.3393017053604126,
        0.24194788932800293,
        0.9565026164054871,
        0.15057195723056793,
        0.043671462684869766,
        1.2821217775344849,
        0.3238099217414856,
        0.44431185722351074,
        0.16043797135353088
      ]
    ]
  },
  {
    "pose_idx": "000",
    "x_offset": 0.35,
    "z_rotation_deg": 0,
    "obj_pose": [
      [
        -0.21469532497923693,
        -0.07283561291595009,
        0.9739614422158702,
        0.35
      ],
      [
        -0.9766797268887822,
        0.017666155337249245,
        -0.21397340498308148,
        0.0
      ],
      [
        -0.0016212700310213601,
        -0.9971874851033571,
        -0.07492990749179174,
        0.0724628967942816
      ],
      [
        0.0,
        0.0,
        0.0,
        1.0
      ]
    ],
    "qpos_list": [
      [
        -0.7678446173667908,
        -0.16638746857643127,
        -0.49457862973213196,
        1.0762726068496704,
        1.6501871347427368,
        -4.491565227508545,
        -0.057020798325538635,
        0.7897376418113708,
        0.2723110616207123,
        0.09173139184713364,
        0.07480056583881378,
        0.7580136656761169,
        0.30464670062065125,
        0.3393017053604126,
        0.24194788932800293,
        0.9565026164054871,
        0.15057195723056793,
        0.043671462684869766,
        1.2821217775344849,
        0.3238099217414856,
        0.44431185722351074,
        0.16043797135353088
      ]
    ]
  },
  {
    "pose_idx": "000",
    "x_offset": 0.35,
    "z_rotation_deg": 240,
    "obj_pose": [
      [
        -0.738481792357314,
        0.05171714576723497,
        -0.6722871255575399,
        0.35
      ],
      [
        0.6742714689501664,
        0.054244413416798094,
        -0.736488648773932,
        0.0
      ],
      [
        -0.0016212700310213601,
        -0.9971874851033571,
        -0.07492990749179174,
        0.0724628967942816
      ],
      [
        0.0,
        0.0,
        0.0,
        1.0
      ]
    ],
    "qpos_list": [
      [
        0.8152458667755127,
        0.38833773136138916,
        -0.6597153544425964,
        1.7171680927276611,
        -1.3727902173995972,
        -2.2140896320343018,
        -0.057020798325538635,
        0.7897376418113708,
        0.2723110616207123,
        0.09173139184713364,
        0.07480056583881378,
        0.7580136656761169,
        0.30464670062065125,
        0.3393017053604126,
        0.24194788932800293,
        0.9565026164054871,
        0.15057195723056793,
        0.043671462684869766,
        1.2821217775344849,
        0.3238099217414856,
        0.44431185722351074,
        0.16043797135353088
      ]
    ]
  },
  {
    "pose_idx": "000",
    "x_offset": 0.35,
    "z_rotation_deg": 270,
    "obj_pose": [
      [
        -0.9766797268887822,
        0.01766615533724926,
        -0.21397340498308165,
        0.35
      ],
      [
        0.2146953249792371,
        0.07283561291595009,
        -0.9739614422158702,
        0.0
      ],
      [
        -0.0016212700310213601,
        -0.9971874851033571,
        -0.07492990749179174,
        0.0724628967942816
      ],
      [
        0.0,
        0.0,
        0.0,
        1.0
      ]
    ],
    "qpos_list": [
      [
        0.8104434013366699,
        0.1373545080423355,
        -0.12524335086345673,
        1.1272945404052734,
        -1.3461015224456787,
        -1.927014708518982,
        -0.057020798325538635,
        0.7897376418113708,
        0.2723110616207123,
        0.09173139184713364,
        0.07480056583881378,
        0.7580136656761169,
        0.30464670062065125,
        0.3393017053604126,
        0.24194788932800293,
        0.9565026164054871,
        0.15057195723056793,
        0.043671462684869766,
        1.2821217775344849,
        0.3238099217414856,
        0.44431185722351074,
        0.16043797135353088
      ]
    ]
  },
  {
    "pose_idx": "000",
    "x_offset": 0.35,
    "z_rotation_deg": 300,
    "obj_pose": [
      [
        -0.9531771173365513,
        -0.021118467148715157,
        0.3016743166583309,
        0.35
      ],
      [
        -0.3024082579386163,
        0.07191056875404737,
        -0.9504620537570139,
        0.0
      ],
      [
        -0.0016212700310213601,
        -0.9971874851033571,
        -0.07492990749179174,
        0.0724628967942816
      ],
      [
        0.0,
        0.0,
        0.0,
        1.0
      ]
    ],
    "qpos_list": [
      [
        0.10464515537023544,
        -1.0264520645141602,
        0.015981173142790794,
        2.8495101928710938,
        0.34282010793685913,
        -4.826632499694824,
        -0.057020798325538635,
        0.7897376418113708,
        0.2723110616207123,
        0.09173139184713364,
        0.07480056583881378,
        0.7580136656761169,
        0.30464670062065125,
        0.3393017053604126,
        0.24194788932800293,
        0.9565026164054871,
        0.15057195723056793,
        0.043671462684869766,
        1.2821217775344849,
        0.3238099217414856,
        0.44431185722351074,
        0.16043797135353088
      ]
    ]
  },
  {
    "pose_idx": "000",
    "x_offset": 0.35,
    "z_rotation_deg": 330,
    "obj_pose": [
      [
        -0.6742714689501664,
        -0.054244413416798094,
        0.736488648773932,
        0.35
      ],
      [
        -0.738481792357314,
        0.05171714576723497,
        -0.6722871255575399,
        0.0
      ],
      [
        -0.0016212700310213601,
        -0.9971874851033571,
        -0.07492990749179174,
        0.0724628967942816
      ],
      [
        0.0,
        0.0,
        0.0,
        1.0
      ]
    ],
    "qpos_list": [
      [
        -0.8450843691825867,
        0.181690976023674,
        -0.22301515936851501,
        -1.5825531482696533,
        -1.341219186782837,
        -1.8958269357681274,
        -0.057020798325538635,
        0.7897376418113708,
        0.2723110616207123,
        0.09173139184713364,
        0.07480056583881378,
        0.7580136656761169,
        0.30464670062065125,
        0.3393017053604126,
        0.24194788932800293,
        0.9565026164054871,
        0.15057195723056793,
        0.043671462684869766,
        1.2821217775344849,
        0.3238099217414856,
        0.44431185722351074,
        0.16043797135353088
      ]
    ]
  },
  {
    "pose_idx": "000",
    "x_offset": 0.4,
    "z_rotation_deg": 0,
    "obj_pose": [
      [
        -0.21469532497923693,
        -0.07283561291595009,
        0.9739614422158702,
        0.4
      ],
      [
        -0.9766797268887822,
        0.017666155337249245,
        -0.21397340498308148,
        0.0
      ],
      [
        -0.0016212700310213601,
        -0.9971874851033571,
        -0.07492990749179174,
        0.0724628967942816
      ],
      [
        0.0,
        0.0,
        0.0,
        1.0
      ]
    ],
    "qpos_list": [
      [
        -0.6605215072631836,
        -0.04536867514252663,
        -0.620694637298584,
        1.1625463962554932,
        1.5929510593414307,
        -4.458122253417969,
        -0.057020798325538635,
        0.7897376418113708,
        0.2723110616207123,
        0.09173139184713364,
        0.07480056583881378,
        0.7580136656761169,
        0.30464670062065125,
        0.3393017053604126,
        0.24194788932800293,
        0.9565026164054871,
        0.15057195723056793,
        0.043671462684869766,
        1.2821217775344849,
        0.3238099217414856,
        0.44431185722351074,
        0.16043797135353088
      ]
    ]
  },
  {
    "pose_idx": "000",
    "x_offset": 0.4,
    "z_rotation_deg": 240,
    "obj_pose": [
      [
        -0.738481792357314,
        0.05171714576723497,
        -0.6722871255575399,
        0.4
      ],
      [
        0.6742714689501664,
        0.054244413416798094,
        -0.736488648773932,
        0.0
      ],
      [
        -0.0016212700310213601,
        -0.9971874851033571,
        -0.07492990749179174,
        0.0724628967942816
      ],
      [
        0.0,
        0.0,
        0.0,
        1.0
      ]
    ],
    "qpos_list": [
      [
        0.7128757238388062,
        0.4635249674320221,
        -0.8159629106521606,
        1.6374541521072388,
        -1.3501378297805786,
        -2.2997984886169434,
        -0.057020798325538635,
        0.7897376418113708,
        0.2723110616207123,
        0.09173139184713364,
        0.07480056583881378,
        0.7580136656761169,
        0.30464670062065125,
        0.3393017053604126,
        0.24194788932800293,
        0.9565026164054871,
        0.15057195723056793,
        0.043671462684869766,
        1.2821217775344849,
        0.3238099217414856,
        0.44431185722351074,
        0.16043797135353088
      ]
    ]
  },
  {
    "pose_idx": "000",
    "x_offset": 0.4,
    "z_rotation_deg": 270,
    "obj_pose": [
      [
        -0.9766797268887822,
        0.01766615533724926,
        -0.21397340498308165,
        0.4
      ],
      [
        0.2146953249792371,
        0.07283561291595009,
        -0.9739614422158702,
        0.0
      ],
      [
        -0.0016212700310213601,
        -0.9971874851033571,
        -0.07492990749179174,
        0.0724628967942816
      ],
      [
        0.0,
        0.0,
        0.0,
        1.0
      ]
    ],
    "qpos_list": [
      [
        0.6444276571273804,
        0.19900910556316376,
        -0.2601161301136017,
        0.9765384197235107,
        -1.3063775300979614,
        -1.990250587463379,
        -0.057020798325538635,
        0.7897376418113708,
        0.2723110616207123,
        0.09173139184713364,
        0.07480056583881378,
        0.7580136656761169,
        0.30464670062065125,
        0.3393017053604126,
        0.24194788932800293,
        0.9565026164054871,
        0.15057195723056793,
        0.043671462684869766,
        1.2821217775344849,
        0.3238099217414856,
        0.44431185722351074,
        0.16043797135353088
      ]
    ]
  },
  {
    "pose_idx": "000",
    "x_offset": 0.4,
    "z_rotation_deg": 300,
    "obj_pose": [
      [
        -0.9531771173365513,
        -0.021118467148715157,
        0.3016743166583309,
        0.4
      ],
      [
        -0.3024082579386163,
        0.07191056875404737,
        -0.9504620537570139,
        0.0
      ],
      [
        -0.0016212700310213601,
        -0.9971874851033571,
        -0.07492990749179174,
        0.0724628967942816
      ],
      [
        0.0,
        0.0,
        0.0,
        1.0
      ]
    ],
    "qpos_list": [
      [
        -0.08879401534795761,
        0.09739617258310318,
        -0.031600795686244965,
        -0.28919717669487,
        -1.4039640426635742,
        -1.9575053453445435,
        -0.057020798325538635,
        0.7897376418113708,
        0.2723110616207123,
        0.09173139184713364,
        0.07480056583881378,
        0.7580136656761169,
        0.30464670062065125,
        0.3393017053604126,
        0.24194788932800293,
        0.9565026164054871,
        0.15057195723056793,
        0.043671462684869766,
        1.2821217775344849,
        0.3238099217414856,
        0.44431185722351074,
        0.16043797135353088
      ]
    ]
  },
  {
    "pose_idx": "000",
    "x_offset": 0.4,
    "z_rotation_deg": 330,
    "obj_pose": [
      [
        -0.6742714689501664,
        -0.054244413416798094,
        0.736488648773932,
        0.4
      ],
      [
        -0.738481792357314,
        0.05171714576723497,
        -0.6722871255575399,
        0.0
      ],
      [
        -0.0016212700310213601,
        -0.9971874851033571,
        -0.07492990749179174,
        0.0724628967942816
      ],
      [
        0.0,
        0.0,
        0.0,
        1.0
      ]
    ],
    "qpos_list": [
      [
        -0.47781169414520264,
        -0.5014016032218933,
        -0.19185203313827515,
        1.7039850950241089,
        1.1620606184005737,
        -4.371606826782227,
        -0.057020798325538635,
        0.7897376418113708,
        0.2723110616207123,
        0.09173139184713364,
        0.07480056583881378,
        0.7580136656761169,
        0.30464670062065125,
        0.3393017053604126,
        0.24194788932800293,
        0.9565026164054871,
        0.15057195723056793,
        0.043671462684869766,
        1.2821217775344849,
        0.3238099217414856,
        0.44431185722351074,
        0.16043797135353088
      ]
    ]
  },
  {
    "pose_idx": "000",
    "x_offset": 0.45,
    "z_rotation_deg": 0,
    "obj_pose": [
      [
        -0.21469532497923693,
        -0.07283561291595009,
        0.9739614422158702,
        0.45
      ],
      [
        -0.9766797268887822,
        0.017666155337249245,
        -0.21397340498308148,
        0.0
      ],
      [
        -0.0016212700310213601,
        -0.9971874851033571,
        -0.07492990749179174,
        0.0724628967942816
      ],
      [
        0.0,
        0.0,
        0.0,
        1.0
      ]
    ],
    "qpos_list": [
      [
        -0.5764814615249634,
        0.07610971480607986,
        -0.7617064714431763,
        1.2281867265701294,
        1.551198959350586,
        -4.420701503753662,
        -0.057020798325538635,
        0.7897376418113708,
        0.2723110616207123,
        0.09173139184713364,
        0.07480056583881378,
        0.7580136656761169,
        0.30464670062065125,
        0.3393017053604126,
        0.24194788932800293,
        0.9565026164054871,
        0.15057195723056793,
        0.043671462684869766,
        1.2821217775344849,
        0.3238099217414856,
        0.44431185722351074,
        0.16043797135353088
      ]
    ]
  },
  {
    "pose_idx": "000",
    "x_offset": 0.45,
    "z_rotation_deg": 240,
    "obj_pose": [
      [
        -0.738481792357314,
        0.05171714576723497,
        -0.6722871255575399,
        0.45
      ],
      [
        0.6742714689501664,
        0.054244413416798094,
        -0.736488648773932,
        0.0
      ],
      [
        -0.0016212700310213601,
        -0.9971874851033571,
        -0.07492990749179174,
        0.0724628967942816
      ],
      [
        0.0,
        0.0,
        0.0,
        1.0
      ]
    ],
    "qpos_list": [
      [
        0.6320527791976929,
        0.5507611036300659,
        -0.9960485100746155,
        1.5853759050369263,
        -1.3225269317626953,
        -2.3964219093322754,
        -0.057020798325538635,
        0.7897376418113708,
        0.2723110616207123,
        0.09173139184713364,
        0.07480056583881378,
        0.7580136656761169,
        0.30464670062065125,
        0.3393017053604126,
        0.24194788932800293,
        0.9565026164054871,
        0.15057195723056793,
        0.043671462684869766,
        1.2821217775344849,
        0.3238099217414856,
        0.44431185722351074,
        0.16043797135353088
      ]
    ]
  },
  {
    "pose_idx": "000",
    "x_offset": 0.45,
    "z_rotation_deg": 270,
    "obj_pose": [
      [
        -0.9766797268887822,
        0.01766615533724926,
        -0.21397340498308165,
        0.45
      ],
      [
        0.2146953249792371,
        0.07283561291595009,
        -0.9739614422158702,
        0.0
      ],
      [
        -0.0016212700310213601,
        -0.9971874851033571,
        -0.07492990749179174,
        0.0724628967942816
      ],
      [
        0.0,
        0.0,
        0.0,
        1.0
      ]
    ],
    "qpos_list": [
      [
        0.5349844098091125,
        0.2705533802509308,
        -0.41068795323371887,
        0.8846457004547119,
        -1.2504130601882935,
        -2.0494637489318848,
        -0.057020798325538635,
        0.7897376418113708,
        0.2723110616207123,
        0.09173139184713364,
        0.07480056583881378,
        0.7580136656761169,
        0.30464670062065125,
        0.3393017053604126,
        0.24194788932800293,
        0.9565026164054871,
        0.15057195723056793,
        0.043671462684869766,
        1.2821217775344849,
        0.3238099217414856,
        0.44431185722351074,
        0.16043797135353088
      ]
    ]
  },
  {
    "pose_idx": "000",
    "x_offset": 0.45,
    "z_rotation_deg": 300,
    "obj_pose": [
      [
        -0.9531771173365513,
        -0.021118467148715157,
        0.3016743166583309,
        0.45
      ],
      [
        -0.3024082579386163,
        0.07191056875404737,
        -0.9504620537570139,
        0.0
      ],
      [
        -0.0016212700310213601,
        -0.9971874851033571,
        -0.07492990749179174,
        0.0724628967942816
      ],
      [
        0.0,
        0.0,
        0.0,
        1.0
      ]
    ],
    "qpos_list": [
      [
        -0.07525704801082611,
        0.16774962842464447,
        -0.19227159023284912,
        -0.2811387777328491,
        -1.3173832893371582,
        -1.931259274482727,
        -0.057020798325538635,
        0.7897376418113708,
        0.2723110616207123,
        0.09173139184713364,
        0.07480056583881378,
        0.7580136656761169,
        0.30464670062065125,
        0.3393017053604126,
        0.24194788932800293,
        0.9565026164054871,
        0.15057195723056793,
        0.043671462684869766,
        1.2821217775344849,
        0.3238099217414856,
        0.44431185722351074,
        0.16043797135353088
      ]
    ]
  },
  {
    "pose_idx": "000",
    "x_offset": 0.45,
    "z_rotation_deg": 330,
    "obj_pose": [
      [
        -0.6742714689501664,
        -0.054244413416798094,
        0.736488648773932,
        0.45
      ],
      [
        -0.738481792357314,
        0.05171714576723497,
        -0.6722871255575399,
        0.0
      ],
      [
        -0.0016212700310213601,
        -0.9971874851033571,
        -0.07492990749179174,
        0.0724628967942816
      ],
      [
        0.0,
        0.0,
        0.0,
        1.0
      ]
    ],
    "qpos_list": [
      [
        -0.38303861021995544,
        -0.3015229403972626,
        -0.3554055094718933,
        1.7995405197143555,
        1.1103228330612183,
        -4.422708511352539,
        -0.057020798325538635,
        0.7897376418113708,
        0.2723110616207123,
        0.09173139184713364,
        0.07480056583881378,
        0.7580136656761169,
        0.30464670062065125,
        0.3393017053604126,
        0.24194788932800293,
        0.9565026164054871,
        0.15057195723056793,
        0.043671462684869766,
        1.2821217775344849,
        0.3238099217414856,
        0.44431185722351074,
        0.16043797135353088
      ]
    ]
  },
  {
    "pose_idx": "000",
    "x_offset": 0.5,
    "z_rotation_deg": 0,
    "obj_pose": [
      [
        -0.21469532497923693,
        -0.07283561291595009,
        0.9739614422158702,
        0.5
      ],
      [
        -0.9766797268887822,
        0.017666155337249245,
        -0.21397340498308148,
        0.0
      ],
      [
        -0.0016212700310213601,
        -0.9971874851033571,
        -0.07492990749179174,
        0.0724628967942816
      ],
      [
        0.0,
        0.0,
        0.0,
        1.0
      ]
    ],
    "qpos_list": [
      [
        -0.5098298192024231,
        0.19813694059848785,
        -0.9163466691970825,
        1.2775394916534424,
        1.520503282546997,
        -4.376246929168701,
        -0.057020798325538635,
        0.7897376418113708,
        0.2723110616207123,
        0.09173139184713364,
        0.07480056583881378,
        0.7580136656761169,
        0.30464670062065125,
        0.3393017053604126,
        0.24194788932800293,
        0.9565026164054871,
        0.15057195723056793,
        0.043671462684869766,
        1.2821217775344849,
        0.3238099217414856,
        0.44431185722351074,
        0.16043797135353088
      ]
    ]
  },
  {
    "pose_idx": "000",
    "x_offset": 0.5,
    "z_rotation_deg": 240,
    "obj_pose": [
      [
        -0.738481792357314,
        0.05171714576723497,
        -0.6722871255575399,
        0.5
      ],
      [
        0.6742714689501664,
        0.054244413416798094,
        -0.736488648773932,
        0.0
      ],
      [
        -0.0016212700310213601,
        -0.9971874851033571,
        -0.07492990749179174,
        0.0724628967942816
      ],
      [
        0.0,
        0.0,
        0.0,
        1.0
      ]
    ],
    "qpos_list": [
      [
        0.5673412084579468,
        0.6515622735023499,
        -1.2032749652862549,
        1.5571924448013306,
        -1.2915993928909302,
        -2.5066096782684326,
        -0.057020798325538635,
        0.7897376418113708,
        0.2723110616207123,
        0.09173139184713364,
        0.07480056583881378,
        0.7580136656761169,
        0.30464670062065125,
        0.3393017053604126,
        0.24194788932800293,
        0.9565026164054871,
        0.15057195723056793,
        0.043671462684869766,
        1.2821217775344849,
        0.3238099217414856,
        0.44431185722351074,
        0.16043797135353088
      ]
    ]
  },
  {
    "pose_idx": "000",
    "x_offset": 0.5,
    "z_rotation_deg": 270,
    "obj_pose": [
      [
        -0.9766797268887822,
        0.01766615533724926,
        -0.21397340498308165,
        0.5
      ],
      [
        0.2146953249792371,
        0.07283561291595009,
        -0.9739614422158702,
        0.0
      ],
      [
        -0.0016212700310213601,
        -0.9971874851033571,
        -0.07492990749179174,
        0.0724628967942816
      ],
      [
        0.0,
        0.0,
        0.0,
        1.0
      ]
    ],
    "qpos_list": [
      [
        0.4589545428752899,
        0.3501153290271759,
        -0.5739149451255798,
        0.829786479473114,
        -1.1852716207504272,
        -2.1072158813476562,
        -0.057020798325538635,
        0.7897376418113708,
        0.2723110616207123,
        0.09173139184713364,
        0.07480056583881378,
        0.7580136656761169,
        0.30464670062065125,
        0.3393017053604126,
        0.24194788932800293,
        0.9565026164054871,
        0.15057195723056793,
        0.043671462684869766,
        1.2821217775344849,
        0.3238099217414856,
        0.44431185722351074,
        0.16043797135353088
      ]
    ]
  },
  {
    "pose_idx": "000",
    "x_offset": 0.5,
    "z_rotation_deg": 300,
    "obj_pose": [
      [
        -0.9531771173365513,
        -0.021118467148715157,
        0.3016743166583309,
        0.5
      ],
      [
        -0.3024082579386163,
        0.07191056875404737,
        -0.9504620537570139,
        0.0
      ],
      [
        -0.0016212700310213601,
        -0.9971874851033571,
        -0.07492990749179174,
        0.0724628967942816
      ],
      [
        0.0,
        0.0,
        0.0,
        1.0
      ]
    ],
    "qpos_list": [
      [
        -0.06697199493646622,
        0.2465406209230423,
        -0.35825031995773315,
        -0.2800513803958893,
        -1.233433485031128,
        -1.9066002368927002,
        -0.057020798325538635,
        0.7897376418113708,
        0.2723110616207123,
        0.09173139184713364,
        0.07480056583881378,
        0.7580136656761169,
        0.30464670062065125,
        0.3393017053604126,
        0.24194788932800293,
        0.9565026164054871,
        0.15057195723056793,
        0.043671462684869766,
        1.2821217775344849,
        0.3238099217414856,
        0.44431185722351074,
        0.16043797135353088
      ]
    ]
  },
  {
    "pose_idx": "000",
    "x_offset": 0.5,
    "z_rotation_deg": 330,
    "obj_pose": [
      [
        -0.6742714689501664,
        -0.054244413416798094,
        0.736488648773932,
        0.5
      ],
      [
        -0.738481792357314,
        0.05171714576723497,
        -0.6722871255575399,
        0.0
      ],
      [
        -0.0016212700310213601,
        -0.9971874851033571,
        -0.07492990749179174,
        0.0724628967942816
      ],
      [
        0.0,
        0.0,
        0.0,
        1.0
      ]
    ],
    "qpos_list": [
      [
        -0.31833329796791077,
        -0.13346551358699799,
        -0.5202398896217346,
        1.8576887845993042,
        1.0730220079421997,
        -4.43754243850708,
        -0.057020798325538635,
        0.7897376418113708,
        0.2723110616207123,
        0.09173139184713364,
        0.07480056583881378,
        0.7580136656761169,
        0.30464670062065125,
        0.3393017053604126,
        0.24194788932800293,
        0.9565026164054871,
        0.15057195723056793,
        0.043671462684869766,
        1.2821217775344849,
        0.3238099217414856,
        0.44431185722351074,
        0.16043797135353088
      ]
    ]
  },
  {
    "pose_idx": "001",
    "x_offset": 0.2,
    "z_rotation_deg": 0,
    "obj_pose": [
      [
        -0.8679451537050489,
        0.017831512548521916,
        0.4963398506267165,
        0.2
      ],
      [
        0.4966595535321622,
        0.032581697010036326,
        0.8673336848671217,
        0.0
      ],
      [
        -0.0007057231416625898,
        0.9993099970380454,
        -0.03713531708049955,
        0.029882091017230928
      ],
      [
        0.0,
        0.0,
        0.0,
        1.0
      ]
    ],
    "qpos_list": [
      [
        -1.0778721570968628,
        -0.14049580693244934,
        -0.2808687090873718,
        -2.2992475032806396,
        -0.7064140439033508,
        -4.81683349609375,
        0.2686837613582611,
        1.1944458484649658,
        0.01437436230480671,
        0.06816953420639038,
        0.02206164412200451,
        0.8779362440109253,
        0.23032699525356293,
        0.08368238806724548,
        0.19215843081474304,
        1.1759974956512451,
        0.04325582832098007,
        -0.042443640530109406,
        1.2530089616775513,
        0.570374608039856,
        0.9869482517242432,
        0.4317414462566376
      ],
      [
        0.2344047874212265,
        -0.4764817953109741,
        -0.3791962265968323,
        2.3940999507904053,
        -0.7765948176383972,
        -2.754598617553711,
        0.3005932569503784,
        1.2786129713058472,
        0.32688286900520325,
        0.07660271972417831,
        -0.12089311331510544,
        1.123044490814209,
        0.474039226770401,
        0.22901976108551025,
        0.14588946104049683,
        0.9204934239387512,
        0.25515076518058777,
        0.28129908442497253,
        1.2828035354614258,
        0.4623832702636719,
        0.752324640750885,
        0.21373029053211212
      ]
    ]
  },
  {
    "pose_idx": "001",
    "x_offset": 0.2,
    "z_rotation_deg": 30,
    "obj_pose": [
      [
        -0.9999923289662427,
        -0.0008483056500971832,
        -0.0038239228802506926,
        0.2
      ],
      [
        -0.00385278646143458,
        0.037132333583359906,
        0.9993029299662524,
        0.0
      ],
      [
        -0.0007057231416625898,
        0.9993099970380454,
        -0.03713531708049955,
        0.029882091017230928
      ],
      [
        0.0,
        0.0,
        0.0,
        1.0
      ]
    ],
    "qpos_list": [
      [
        -1.2135450839996338,
        -0.3182554543018341,
        -0.22915324568748474,
        0.8465932607650757,
        1.5007976293563843,
        -2.9369819164276123,
        -0.17197127640247345,
        0.7440976500511169,
        0.11485887318849564,
        0.005833202041685581,
        0.26748600602149963,
        1.248488426208496,
        0.013276639394462109,
        -0.04263194650411606,
        0.27429190278053284,
        0.5640498399734497,
        0.5401046872138977,
        0.40676990151405334,
        1.2829984426498413,
        0.7075635194778442,
        1.1455210447311401,
        0.393291175365448
      ],
      [
        -1.4924286603927612,
        0.5562631487846375,
        -0.38105595111846924,
        4.320970058441162,
        -1.1776975393295288,
        -0.3506756126880646,
        -0.13663765788078308,
        1.0914419889450073,
        0.12174718827009201,
        -0.04285475239157677,
        0.262937068939209,
        0.7782627940177917,
        0.1504288762807846,
        0.007279790006577969,
        0.23215697705745697,
        1.1076200008392334,
        0.3313722312450409,
        0.04518570378422737,
        1.2827987670898438,
        0.3051135241985321,
        1.0311145782470703,
        0.3176417648792267
      ],
      [
        0.09383755177259445,
        -0.5188785791397095,
        -0.4412557780742645,
        2.6248621940612793,
        -0.5329184532165527,
        -3.5521812438964844,
        0.3005932569503784,
        1.2786129713058472,
        0.32688286900520325,
        0.07660271972417831,
        -0.12089311331510544,
        1.123044490814209,
        0.474039226770401,
        0.22901976108551025,
        0.14588946104049683,
        0.9204934239387512,
        0.25515076518058777,
        0.28129908442497253,
        1.2828035354614258,
        0.4623832702636719,
        0.752324640750885,
        0.21373029053211212
      ],
      [
        1.3359946012496948,
        0.3957681953907013,
        -0.5678455233573914,
        2.342914342880249,
        -1.4555977582931519,
        -1.9287827014923096,
        -0.12032744288444519,
        0.5900558829307556,
        0.01837693527340889,
        -0.04245370253920555,
        -0.06695829331874847,
        0.3991484045982361,
        0.30561310052871704,
        0.21717993915081024,
        0.17127138376235962,
        0.7823858261108398,
        0.07400526851415634,
        0.04656156897544861,
        1.0339243412017822,
        0.024039486423134804,
        0.3210662007331848,
        0.3281456530094147
      ],
      [
        -1.421185851097107,
        0.4934093952178955,
        -0.5497622489929199,
        0.8413805365562439,
        1.7999008893966675,
        -3.4021100997924805,
        0.014064024202525616,
        1.045162558555603,
        0.22828029096126556,
        0.13828647136688232,
        0.15438389778137207,
        1.0053765773773193,
        0.4217621684074402,
        0.15871937572956085,
        0.024686945602297783,
        1.1885579824447632,
        0.11131378263235092,
        0.025926556438207626,
        1.2829076051712036,
        0.47901859879493713,
        0.949623167514801,
        0.36399102210998535
      ]
    ]
  },
  {
    "pose_idx": "001",
    "x_offset": 0.2,
    "z_rotation_deg": 60,
    "obj_pose": [
      [
        -0.8640923672436143,
        -0.019300821034837986,
        -0.5029630793395358,
        0.2
      ],
      [
        -0.5033327754340804,
        0.03173339135993914,
        0.863509761986871,
        0.0
      ],
      [
        -0.0007057231416625898,
        0.9993099970380454,
        -0.03713531708049955,
