[
  {
    "pose_idx": "000",
    "x_offset": 0.2,
    "z_rotation_deg": 150,
    "obj_pose": [
      [
        -0.6912500659589145,
        0.7225753857161599,
        -0.007626156891874799,
        0.2
      ],
      [
        0.12589950872008437,
        0.11003592489399115,
        -0.9859216038492947,
        0.0
      ],
      [
        -0.7115635319603146,
        -0.6824785030972531,
        -0.16703422641571164,
        0.0367539458590399
      ],
      [
        0.0,
        0.0,
        0.0,
        1.0
      ]
    ],
    "qpos_list": [
      [
        -1.242569088935852,
        -0.37722665071487427,
        -0.2642795741558075,
        0.9471733570098877,
        1.6253889799118042,
        -4.325062274932861,
        0.13547001779079437,
        0.6289068460464478,
        0.01474873349070549,
        -0.042304810136556625,
        0.05635211244225502,
        0.7476519346237183,
        0.014748618006706238,
        -0.042771968990564346,
        0.2683074176311493,
        0.8949826955795288,
        0.014956486411392689,
        -0.04242144525051117,
        1.2374019622802734,
        0.02150721661746502,
        0.31867578625679016,
        0.2577274441719055
      ]
    ]
  },
  {
    "pose_idx": "000",
    "x_offset": 0.25,
    "z_rotation_deg": 30,
    "obj_pose": [
      [
        0.45465720585503083,
        -0.2659937865709672,
        -0.8500200766274494,
        0.25
      ],
      [
        0.5356903631280465,
        -0.6807866026265293,
        0.49956524752625686,
        0.0
      ],
      [
        -0.7115635319603146,
        -0.6824785030972531,
        -0.16703422641571164,
        0.0367539458590399
      ],
      [
        0.0,
        0.0,
        0.0,
        1.0
      ]
    ],
    "qpos_list": [
      [
        1.1924775838851929,
        0.3285992443561554,
        -0.4532942771911621,
        2.428386926651001,
        -1.354056477546692,
        -1.8043538331985474,
        0.13547001779079437,
        0.6289068460464478,
        0.01474873349070549,
        -0.042304810136556625,
        0.05635211244225502,
        0.7476519346237183,
        0.014748618006706238,
        -0.042771968990564346,
        0.2683074176311493,
        0.8949826955795288,
        0.014956486411392689,
        -0.04242144525051117,
        1.2374019622802734,
        0.02150721661746502,
        0.31867578625679016,
        0.2577274441719055
      ]
    ]
  },
  {
    "pose_idx": "000",
    "x_offset": 0.25,
    "z_rotation_deg": 120,
    "obj_pose": [
      [
        -0.5356903631280464,
        0.6807866026265292,
        -0.4995652475262569,
        0.25
      ],
      [
        0.4546572058550309,
        -0.2659937865709673,
        -0.8500200766274492,
        0.0
      ],
      [
        -0.7115635319603146,
        -0.6824785030972531,
        -0.16703422641571164,
        0.0367539458590399
      ],
      [
        0.0,
        0.0,
        0.0,
        1.0
      ]
    ],
    "qpos_list": [
      [
        -1.527935266494751,
        0.18635426461696625,
        -0.10117650032043457,
        -1.8579039573669434,
        -1.235378623008728,
        -1.8045789003372192,
        0.13547001779079437,
        0.6289068460464478,
        0.01474873349070549,
        -0.042304810136556625,
        0.05635211244225502,
        0.7476519346237183,
        0.014748618006706238,
        -0.042771968990564346,
        0.2683074176311493,
        0.8949826955795288,
        0.014956486411392689,
        -0.04242144525051117,
        1.2374019622802734,
        0.02150721661746502,
        0.31867578625679016,
        0.2577274441719055
      ]
    ]
  },
  {
    "pose_idx": "000",
    "x_offset": 0.25,
    "z_rotation_deg": 150,
    "obj_pose": [
      [
        -0.6912500659589145,
        0.7225753857161599,
        -0.007626156891874799,
        0.25
      ],
      [
        0.12589950872008437,
        0.11003592489399115,
        -0.9859216038492947,
        0.0
      ],
      [
        -0.7115635319603146,
        -0.6824785030972531,
        -0.16703422641571164,
        0.0367539458590399
      ],
      [
        0.0,
        0.0,
        0.0,
        1.0
      ]
    ],
    "qpos_list": [
      [
        -1.0443544387817383,
        -0.29679402709007263,
        -0.3251592516899109,
        1.1072996854782104,
        1.5152157545089722,
        -4.281269073486328,
        0.13547001779079437,
        0.6289068460464478,
        0.01474873349070549,
        -0.042304810136556625,
        0.05635211244225502,
        0.7476519346237183,
        0.014748618006706238,
        -0.042771968990564346,
        0.2683074176311493,
        0.8949826955795288,
        0.014956486411392689,
        -0.04242144525051117,
        1.2374019622802734,
        0.02150721661746502,
        0.31867578625679016,
        0.2577274441719055
      ]
    ]
  },
  {
    "pose_idx": "000",
    "x_offset": 0.3,
    "z_rotation_deg": 30,
    "obj_pose": [
      [
        0.45465720585503083,
        -0.2659937865709672,
        -0.8500200766274494,
        0.3
      ],
      [
        0.5356903631280465,
        -0.6807866026265293,
        0.49956524752625686,
        0.0
      ],
      [
        -0.7115635319603146,
        -0.6824785030972531,
        -0.16703422641571164,
        0.0367539458590399
      ],
      [
        0.0,
        0.0,
        0.0,
        1.0
      ]
    ],
    "qpos_list": [
      [
        1.0191905498504639,
        0.3672873079776764,
        -0.5400401949882507,
        2.2680137157440186,
        -1.3693726062774658,
        -1.8576117753982544,
        0.13547001779079437,
        0.6289068460464478,
        0.01474873349070549,
        -0.042304810136556625,
        0.05635211244225502,
        0.7476519346237183,
        0.014748618006706238,
        -0.042771968990564346,
        0.2683074176311493,
        0.8949826955795288,
        0.014956486411392689,
        -0.04242144525051117,
        1.2374019622802734,
        0.02150721661746502,
        0.31867578625679016,
        0.2577274441719055
      ]
    ]
  },
  {
    "pose_idx": "000",
    "x_offset": 0.3,
    "z_rotation_deg": 120,
    "obj_pose": [
      [
        -0.5356903631280464,
        0.6807866026265292,
        -0.4995652475262569,
        0.3
      ],
      [
        0.4546572058550309,
        -0.2659937865709673,
        -0.8500200766274492,
        0.0
      ],
      [
        -0.7115635319603146,
        -0.6824785030972531,
        -0.16703422641571164,
        0.0367539458590399
      ],
      [
        0.0,
        0.0,
        0.0,
        1.0
      ]
    ],
    "qpos_list": [
      [
        -1.217300534248352,
        0.198910653591156,
        -0.137359619140625,
        -1.5547913312911987,
        -1.2610013484954834,
        -1.7834134101867676,
        0.13547001779079437,
        0.6289068460464478,
        0.01474873349070549,
        -0.042304810136556625,
        0.05635211244225502,
        0.7476519346237183,
        0.014748618006706238,
        -0.042771968990564346,
        0.2683074176311493,
        0.8949826955795288,
        0.014956486411392689,
        -0.04242144525051117,
        1.2374019622802734,
        0.02150721661746502,
        0.31867578625679016,
        0.2577274441719055
      ]
    ]
  },
  {
    "pose_idx": "000",
    "x_offset": 0.3,
    "z_rotation_deg": 150,
    "obj_pose": [
      [
        -0.6912500659589145,
        0.7225753857161599,
        -0.007626156891874799,
        0.3
      ],
      [
        0.12589950872008437,
        0.11003592489399115,
        -0.9859216038492947,
        0.0
      ],
      [
        -0.7115635319603146,
        -0.6824785030972531,
        -0.16703422641571164,
        0.0367539458590399
      ],
      [
        0.0,
        0.0,
        0.0,
        1.0
      ]
    ],
    "qpos_list": [
      [
        -0.8793666362762451,
        -0.19389083981513977,
        -0.417110413312912,
        1.23927640914917,
        1.423099398612976,
        -4.254302978515625,
        0.13547001779079437,
        0.6289068460464478,
        0.01474873349070549,
        -0.042304810136556625,
        0.05635211244225502,
        0.7476519346237183,
        0.014748618006706238,
        -0.042771968990564346,
        0.2683074176311493,
        0.8949826955795288,
        0.014956486411392689,
        -0.04242144525051117,
        1.2374019622802734,
        0.02150721661746502,
        0.31867578625679016,
        0.2577274441719055
      ]
    ]
  },
  {
    "pose_idx": "000",
    "x_offset": 0.35,
    "z_rotation_deg": 30,
    "obj_pose": [
      [
        0.45465720585503083,
        -0.2659937865709672,
        -0.8500200766274494,
        0.35
      ],
      [
        0.5356903631280465,
        -0.6807866026265293,
        0.49956524752625686,
        0.0
      ],
      [
        -0.7115635319603146,
        -0.6824785030972531,
        -0.16703422641571164,
        0.0367539458590399
      ],
      [
        0.0,
        0.0,
        0.0,
        1.0
      ]
    ],
    "qpos_list": [
      [
        0.8751562833786011,
        0.42073115706443787,
        -0.6578508019447327,
        2.1405069828033447,
        -1.3837623596191406,
        -1.9280340671539307,
        0.13547001779079437,
        0.6289068460464478,
        0.01474873349070549,
        -0.042304810136556625,
        0.05635211244225502,
        0.7476519346237183,
        0.014748618006706238,
        -0.042771968990564346,
        0.2683074176311493,
        0.8949826955795288,
        0.014956486411392689,
        -0.04242144525051117,
        1.2374019622802734,
        0.02150721661746502,
        0.31867578625679016,
        0.2577274441719055
      ]
    ]
  },
  {
    "pose_idx": "000",
    "x_offset": 0.35,
    "z_rotation_deg": 120,
    "obj_pose": [
      [
        -0.5356903631280464,
        0.6807866026265292,
        -0.4995652475262569,
        0.35
      ],
      [
        0.4546572058550309,
        -0.2659937865709673,
        -0.8500200766274492,
        0.0
      ],
      [
        -0.7115635319603146,
        -0.6824785030972531,
        -0.16703422641571164,
        0.0367539458590399
      ],
      [
        0.0,
        0.0,
        0.0,
        1.0
      ]
    ],
    "qpos_list": [
      [
        -0.971164882183075,
        0.2317245751619339,
        -0.2244066298007965,
        -1.326106071472168,
        -1.2623862028121948,
        -1.7262358665466309,
        0.13547001779079437,
        0.6289068460464478,
        0.01474873349070549,
        -0.042304810136556625,
        0.05635211244225502,
        0.7476519346237183,
        0.014748618006706238,
        -0.042771968990564346,
        0.2683074176311493,
        0.8949826955795288,
        0.014956486411392689,
        -0.04242144525051117,
        1.2374019622802734,
        0.02150721661746502,
        0.31867578625679016,
        0.2577274441719055
      ]
    ]
  },
  {
    "pose_idx": "000",
    "x_offset": 0.35,
    "z_rotation_deg": 150,
    "obj_pose": [
      [
        -0.6912500659589145,
        0.7225753857161599,
        -0.007626156891874799,
        0.35
      ],
      [
        0.12589950872008437,
        0.11003592489399115,
        -0.9859216038492947,
        0.0
      ],
      [
        -0.7115635319603146,
        -0.6824785030972531,
        -0.16703422641571164,
        0.0367539458590399
      ],
      [
        0.0,
        0.0,
        0.0,
        1.0
      ]
    ],
    "qpos_list": [
      [
        -0.7484660744667053,
        -0.0815291479229927,
        -0.5317241549491882,
        1.3421937227249146,
        1.3514634370803833,
        -4.230978488922119,
        0.13547001779079437,
        0.6289068460464478,
        0.01474873349070549,
        -0.042304810136556625,
        0.05635211244225502,
        0.7476519346237183,
        0.014748618006706238,
        -0.042771968990564346,
        0.2683074176311493,
        0.8949826955795288,
        0.014956486411392689,
        -0.04242144525051117,
        1.2374019622802734,
        0.02150721661746502,
        0.31867578625679016,
        0.2577274441719055
      ]
    ]
  },
  {
    "pose_idx": "000",
    "x_offset": 0.4,
    "z_rotation_deg": 30,
    "obj_pose": [
      [
        0.45465720585503083,
        -0.2659937865709672,
        -0.8500200766274494,
        0.4
      ],
      [
        0.5356903631280465,
        -0.6807866026265293,
        0.49956524752625686,
        0.0
      ],
      [
        -0.7115635319603146,
        -0.6824785030972531,
        -0.16703422641571164,
        0.0367539458590399
      ],
      [
        0.0,
        0.0,
        0.0,
        1.0
      ]
    ],
    "qpos_list": [
      [
        0.7586788535118103,
        0.4878144860267639,
        -0.8030919432640076,
        2.0436604022979736,
        -1.3950986862182617,
        -2.012907028198242,
        0.13547001779079437,
        0.6289068460464478,
        0.01474873349070549,
        -0.042304810136556625,
        0.05635211244225502,
        0.7476519346237183,
        0.014748618006706238,
        -0.042771968990564346,
        0.2683074176311493,
        0.8949826955795288,
        0.014956486411392689,
        -0.04242144525051117,
        1.2374019622802734,
        0.02150721661746502,
        0.31867578625679016,
        0.2577274441719055
      ]
    ]
  },
  {
    "pose_idx": "000",
    "x_offset": 0.4,
    "z_rotation_deg": 60,
    "obj_pose": [
      [
        0.1258995087200845,
        0.11003592489399099,
        -0.9859216038492947,
        0.4
      ],
      [
        0.6912500659589146,
        -0.7225753857161599,
        0.007626156891874998,
        0.0
      ],
      [
        -0.7115635319603146,
        -0.6824785030972531,
        -0.16703422641571164,
        0.0367539458590399
      ],
      [
        0.0,
        0.0,
        0.0,
        1.0
      ]
    ],
    "qpos_list": [
      [
        0.7399450540542603,
        0.22959202527999878,
        -0.21900063753128052,
        1.4265778064727783,
        -1.262114405632019,
        -1.7077723741531372,
        0.13547001779079437,
        0.6289068460464478,
        0.01474873349070549,
        -0.042304810136556625,
        0.05635211244225502,
        0.7476519346237183,
        0.014748618006706238,
        -0.042771968990564346,
        0.2683074176311493,
        0.8949826955795288,
        0.014956486411392689,
        -0.04242144525051117,
        1.2374019622802734,
        0.02150721661746502,
        0.31867578625679016,
        0.2577274441719055
      ]
    ]
  },
  {
    "pose_idx": "000",
    "x_offset": 0.4,
    "z_rotation_deg": 90,
    "obj_pose": [
      [
        -0.23659286010388364,
        0.45658159914519264,
        -0.8576462335193242,
        0.4
      ],
      [
        0.661589871848131,
        -0.5707506777325383,
        -0.48635635632303786,
        0.0
      ],
      [
        -0.7115635319603146,
        -0.6824785030972531,
        -0.16703422641571164,
        0.0367539458590399
      ],
      [
        0.0,
        0.0,
        0.0,
        1.0
      ]
    ],
    "qpos_list": [
      [
        -0.15616649389266968,
        0.15945756435394287,
        0.021024499088525772,
        0.009815584868192673,
        -1.4410935640335083,
        -1.7169219255447388,
        0.13547001779079437,
        0.6289068460464478,
        0.01474873349070549,
        -0.042304810136556625,
        0.05635211244225502,
        0.7476519346237183,
        0.014748618006706238,
        -0.042771968990564346,
        0.2683074176311493,
        0.8949826955795288,
        0.014956486411392689,
        -0.04242144525051117,
        1.2374019622802734,
        0.02150721661746502,
        0.31867578625679016,
        0.2577274441719055
      ]
    ]
  },
  {
    "pose_idx": "000",
    "x_offset": 0.4,
    "z_rotation_deg": 120,
    "obj_pose": [
      [
        -0.5356903631280464,
        0.6807866026265292,
        -0.4995652475262569,
        0.4
      ],
      [
        0.4546572058550309,
        -0.2659937865709673,
        -0.8500200766274492,
        0.0
      ],
      [
        -0.7115635319603146,
        -0.6824785030972531,
        -0.16703422641571164,
        0.0367539458590399
      ],
      [
        0.0,
        0.0,
        0.0,
        1.0
      ]
    ],
    "qpos_list": [
      [
        -0.5164874792098999,
        -0.37249675393104553,
        -0.25783050060272217,
        1.9769139289855957,
        0.9186242818832397,
        -4.25556755065918,
        0.13547001779079437,
        0.6289068460464478,
        0.01474873349070549,
        -0.042304810136556625,
        0.05635211244225502,
        0.7476519346237183,
        0.014748618006706238,
        -0.042771968990564346,
        0.2683074176311493,
        0.8949826955795288,
        0.014956486411392689,
        -0.04242144525051117,
        1.2374019622802734,
        0.02150721661746502,
        0.31867578625679016,
        0.2577274441719055
      ]
    ]
  },
  {
    "pose_idx": "000",
    "x_offset": 0.4,
    "z_rotation_deg": 150,
    "obj_pose": [
      [
        -0.6912500659589145,
        0.7225753857161599,
        -0.007626156891874799,
        0.4
      ],
      [
        0.12589950872008437,
        0.11003592489399115,
        -0.9859216038492947,
        0.0
      ],
      [
        -0.7115635319603146,
        -0.6824785030972531,
        -0.16703422641571164,
        0.0367539458590399
      ],
      [
        0.0,
        0.0,
        0.0,
        1.0
      ]
    ],
    "qpos_list": [
      [
        -0.6458066701889038,
        0.03392871841788292,
        -0.663156270980835,
        1.4188991785049438,
        1.2958335876464844,
        -4.20316743850708,
        0.13547001779079437,
        0.6289068460464478,
        0.01474873349070549,
        -0.042304810136556625,
        0.05635211244225502,
        0.7476519346237183,
        0.014748618006706238,
        -0.042771968990564346,
        0.2683074176311493,
        0.8949826955795288,
        0.014956486411392689,
        -0.04242144525051117,
        1.2374019622802734,
        0.02150721661746502,
        0.31867578625679016,
        0.2577274441719055
      ]
    ]
  },
  {
    "pose_idx": "000",
    "x_offset": 0.45,
    "z_rotation_deg": 30,
    "obj_pose": [
      [
        0.45465720585503083,
        -0.2659937865709672,
        -0.8500200766274494,
        0.45
      ],
      [
        0.5356903631280465,
        -0.6807866026265293,
        0.49956524752625686,
        0.0
      ],
      [
        -0.7115635319603146,
        -0.6824785030972531,
        -0.16703422641571164,
        0.0367539458590399
      ],
      [
        0.0,
        0.0,
        0.0,
        1.0
      ]
    ],
    "qpos_list": [
      [
        0.6650381088256836,
        0.5680432915687561,
        -0.9742894768714905,
        1.9726383686065674,
        -1.403647541999817,
        -2.110644817352295,
        0.13547001779079437,
        0.6289068460464478,
        0.01474873349070549,
        -0.042304810136556625,
        0.05635211244225502,
        0.7476519346237183,
        0.014748618006706238,
        -0.042771968990564346,
        0.2683074176311493,
        0.8949826955795288,
        0.014956486411392689,
        -0.04242144525051117,
        1.2374019622802734,
        0.02150721661746502,
        0.31867578625679016,
        0.2577274441719055
      ]
    ]
  },
  {
    "pose_idx": "000",
    "x_offset": 0.45,
    "z_rotation_deg": 60,
    "obj_pose": [
      [
        0.1258995087200845,
        0.11003592489399099,
        -0.9859216038492947,
        0.45
      ],
      [
        0.6912500659589146,
        -0.7225753857161599,
        0.007626156891874998,
        0.0
      ],
      [
        -0.7115635319603146,
        -0.6824785030972531,
        -0.16703422641571164,
        0.0367539458590399
      ],
      [
        0.0,
        0.0,
        0.0,
        1.0
      ]
    ],
    "qpos_list": [
      [
        0.6008139848709106,
        0.2907852828502655,
        -0.36858412623405457,
        1.315729022026062,
        -1.2400263547897339,
        -1.797839879989624,
        0.13547001779079437,
        0.6289068460464478,
        0.01474873349070549,
        -0.042304810136556625,
        0.05635211244225502,
        0.7476519346237183,
        0.014748618006706238,
        -0.042771968990564346,
        0.2683074176311493,
        0.8949826955795288,
        0.014956486411392689,
        -0.04242144525051117,
        1.2374019622802734,
        0.02150721661746502,
        0.31867578625679016,
        0.2577274441719055
      ]
    ]
  },
  {
    "pose_idx": "000",
    "x_offset": 0.45,
    "z_rotation_deg": 90,
    "obj_pose": [
      [
        -0.23659286010388364,
        0.45658159914519264,
        -0.8576462335193242,
        0.45
      ],
      [
        0.661589871848131,
        -0.5707506777325383,
        -0.48635635632303786,
        0.0
      ],
      [
        -0.7115635319603146,
        -0.6824785030972531,
        -0.16703422641571164,
        0.0367539458590399
      ],
      [
        0.0,
        0.0,
        0.0,
        1.0
      ]
    ],
    "qpos_list": [
      [
        -0.1092512384057045,
        0.19712582230567932,
        -0.1293981373310089,
        0.05604857951402664,
        -1.3282275199890137,
        -1.7147940397262573,
        0.13547001779079437,
        0.6289068460464478,
        0.01474873349070549,
        -0.042304810136556625,
        0.05635211244225502,
        0.7476519346237183,
        0.014748618006706238,
        -0.042771968990564346,
        0.2683074176311493,
        0.8949826955795288,
        0.014956486411392689,
        -0.04242144525051117,
        1.2374019622802734,
        0.02150721661746502,
        0.31867578625679016,
        0.2577274441719055
      ]
    ]
  },
  {
    "pose_idx": "000",
    "x_offset": 0.45,
    "z_rotation_deg": 120,
    "obj_pose": [
      [
        -0.5356903631280464,
        0.6807866026265292,
        -0.4995652475262569,
        0.45
      ],
      [
        0.4546572058550309,
        -0.2659937865709673,
        -0.8500200766274492,
        0.0
      ],
      [
        -0.7115635319603146,
        -0.6824785030972531,
        -0.16703422641571164,
        0.0367539458590399
      ],
      [
        0.0,
        0.0,
        0.0,
        1.0
      ]
    ],
    "qpos_list": [
      [
        -0.6709816455841064,
        0.3416404128074646,
        -0.4847060739994049,
        -1.073001503944397,
        -1.1893938779830933,
        -1.5868446826934814,
        0.13547001779079437,
        0.6289068460464478,
        0.01474873349070549,
        -0.042304810136556625,
        0.05635211244225502,
        0.7476519346237183,
        0.014748618006706238,
        -0.042771968990564346,
        0.2683074176311493,
        0.8949826955795288,
        0.014956486411392689,
        -0.04242144525051117,
        1.2374019622802734,
        0.02150721661746502,
        0.31867578625679016,
        0.2577274441719055
      ]
    ]
  },
  {
    "pose_idx": "000",
    "x_offset": 0.45,
    "z_rotation_deg": 150,
    "obj_pose": [
      [
        -0.6912500659589145,
        0.7225753857161599,
        -0.007626156891874799,
        0.45
      ],
      [
        0.12589950872008437,
        0.11003592489399115,
        -0.9859216038492947,
        0.0
      ],
      [
        -0.7115635319603146,
        -0.6824785030972531,
        -0.16703422641571164,
        0.0367539458590399
      ],
      [
        0.0,
        0.0,
        0.0,
        1.0
      ]
    ],
    "qpos_list": [
      [
        -0.5647582411766052,
        0.15067778527736664,
        -0.8084800243377686,
        1.4732246398925781,
        1.2511245012283325,
        -4.167220115661621,
        0.13547001779079437,
        0.6289068460464478,
        0.01474873349070549,
        -0.042304810136556625,
        0.05635211244225502,
        0.7476519346237183,
        0.014748618006706238,
        -0.042771968990564346,
        0.2683074176311493,
        0.8949826955795288,
        0.014956486411392689,
        -0.04242144525051117,
        1.2374019622802734,
        0.02150721661746502,
        0.31867578625679016,
        0.2577274441719055
      ]
    ]
  },
  {
    "pose_idx": "000",
    "x_offset": 0.5,
    "z_rotation_deg": 30,
    "obj_pose": [
      [
        0.45465720585503083,
        -0.2659937865709672,
        -0.8500200766274494,
        0.5
      ],
      [
        0.5356903631280465,
        -0.6807866026265293,
        0.49956524752625686,
        0.0
      ],
      [
        -0.7115635319603146,
        -0.6824785030972531,
        -0.16703422641571164,
        0.0367539458590399
      ],
      [
        0.0,
        0.0,
        0.0,
        1.0
      ]
    ],
    "qpos_list": [
      [
        0.5893020033836365,
        0.662565290927887,
        -1.1733672618865967,
        1.9227149486541748,
        -1.4109320640563965,
        -2.221623182296753,
        0.13547001779079437,
        0.6289068460464478,
        0.01474873349070549,
        -0.042304810136556625,
        0.05635211244225502,
        0.7476519346237183,
        0.014748618006706238,
        -0.042771968990564346,
        0.2683074176311493,
        0.8949826955795288,
        0.014956486411392689,
        -0.04242144525051117,
        1.2374019622802734,
        0.02150721661746502,
        0.31867578625679016,
        0.2577274441719055
      ]
    ]
  },
  {
    "pose_idx": "000",
    "x_offset": 0.5,
    "z_rotation_deg": 60,
    "obj_pose": [
      [
        0.1258995087200845,
        0.11003592489399099,
        -0.9859216038492947,
        0.5
      ],
      [
        0.6912500659589146,
        -0.7225753857161599,
        0.007626156891874998,
        0.0
      ],
      [
        -0.7115635319603146,
        -0.6824785030972531,
        -0.16703422641571164,
        0.0367539458590399
      ],
      [
        0.0,
        0.0,
        0.0,
        1.0
      ]
    ],
    "qpos_list": [
      [
        0.5076220035552979,
        0.363562673330307,
        -0.5348442792892456,
        1.25462806224823,
        -1.2025914192199707,
        -1.8897292613983154,
        0.13547001779079437,
        0.6289068460464478,
        0.01474873349070549,
        -0.042304810136556625,
        0.05635211244225502,
        0.7476519346237183,
        0.014748618006706238,
        -0.042771968990564346,
        0.2683074176311493,
        0.8949826955795288,
        0.014956486411392689,
        -0.04242144525051117,
        1.2374019622802734,
        0.02150721661746502,
        0.31867578625679016,
        0.2577274441719055
      ]
    ]
  },
  {
    "pose_idx": "000",
    "x_offset": 0.5,
    "z_rotation_deg": 90,
    "obj_pose": [
      [
        -0.23659286010388364,
        0.45658159914519264,
        -0.8576462335193242,
        0.5
      ],
      [
        0.661589871848131,
        -0.5707506777325383,
        -0.48635635632303786,
        0.0
      ],
      [
        -0.7115635319603146,
        -0.6824785030972531,
        -0.16703422641571164,
        0.0367539458590399
      ],
      [
        0.0,
        0.0,
        0.0,
        1.0
      ]
    ],
    "qpos_list": [
      [
        -0.08112933486700058,
        0.2574003040790558,
        -0.28811177611351013,
        0.08614057302474976,
        -1.2300177812576294,
        -1.7215394973754883,
        0.13547001779079437,
        0.6289068460464478,
        0.01474873349070549,
        -0.042304810136556625,
        0.05635211244225502,
        0.7476519346237183,
        0.014748618006706238,
        -0.042771968990564346,
        0.2683074176311493,
        0.8949826955795288,
        0.014956486411392689,
        -0.04242144525051117,
        1.2374019622802734,
        0.02150721661746502,
        0.31867578625679016,
        0.2577274441719055
      ]
    ]
  },
  {
    "pose_idx": "000",
    "x_offset": 0.5,
    "z_rotation_deg": 120,
    "obj_pose": [
      [
        -0.5356903631280464,
        0.6807866026265292,
        -0.4995652475262569,
        0.5
      ],
      [
        0.4546572058550309,
        -0.2659937865709673,
        -0.8500200766274492,
        0.0
      ],
      [
        -0.7115635319603146,
        -0.6824785030972531,
        -0.16703422641571164,
        0.0367539458590399
      ],
      [
        0.0,
        0.0,
        0.0,
        1.0
      ]
    ],
    "qpos_list": [
      [
        -0.3595499098300934,
        -0.046547774225473404,
        -0.5837655663490295,
        2.1397898197174072,
        0.8369364142417908,
        -4.311864376068115,
        0.13547001779079437,
        0.6289068460464478,
        0.01474873349070549,
        -0.042304810136556625,
        0.05635211244225502,
        0.7476519346237183,
        0.014748618006706238,
        -0.042771968990564346,
        0.2683074176311493,
        0.8949826955795288,
        0.014956486411392689,
        -0.04242144525051117,
        1.2374019622802734,
        0.02150721661746502,
        0.31867578625679016,
        0.2577274441719055
      ]
    ]
  },
  {
    "pose_idx": "000",
    "x_offset": 0.5,
    "z_rotation_deg": 150,
    "obj_pose": [
      [
        -0.6912500659589145,
        0.7225753857161599,
        -0.007626156891874799,
        0.5
      ],
      [
        0.12589950872008437,
        0.11003592489399115,
        -0.9859216038492947,
        0.0
      ],
      [
        -0.7115635319603146,
        -0.6824785030972531,
        -0.16703422641571164,
        0.0367539458590399
      ],
      [
        0.0,
        0.0,
        0.0,
        1.0
      ]
    ],
    "qpos_list": [
      [
        -0.4998045563697815,
        0.2692098021507263,
        -0.9671621918678284,
        1.5086034536361694,
        1.2137154340744019,
        -4.121367931365967,
        0.13547001779079437,
        0.6289068460464478,
        0.01474873349070549,
        -0.042304810136556625,
        0.05635211244225502,
        0.7476519346237183,
        0.014748618006706238,
        -0.042771968990564346,
        0.2683074176311493,
        0.8949826955795288,
        0.014956486411392689,
        -0.04242144525051117,
        1.2374019622802734,
        0.02150721661746502,
        0.31867578625679016,
        0.2577274441719055
      ]
    ]
  },
  {
    "pose_idx": "003",
    "x_offset": 0.2,
    "z_rotation_deg": 60,
    "obj_pose": [
      [
        -0.11058982587579538,
        0.860525482269947,
        -0.49725826768072534,
        0.2
      ],
      [
        -0.6958753113649829,
        0.29017850155257857,
        0.6569276887674835,
        0.0
      ],
      [
        0.7095966751933446,
        0.4186792705649216,
        0.566727647952503,
        0.03639296494923742
      ],
      [
        0.0,
        0.0,
        0.0,
        1.0
      ]
    ],
    "qpos_list": [
      [
        -1.249124526977539,
        -0.2562634348869324,
        -0.17843736708164215,
        0.7993386387825012,
        1.7940791845321655,
        -4.28242301940918,
        -0.11712346225976944,
        0.9516499042510986,
        0.28580808639526367,
        0.10160460323095322,
        -0.04411015287041664,
        0.7354565858840942,
        0.11506746709346771,
        -0.011616312898695469,
        -0.0367404967546463,
        0.8744120001792908,
        0.09569162875413895,
        -0.042816124856472015,
        1.2826874256134033,
        0.14539697766304016,
        0.4479462802410126,
        0.20614014565944672
      ]
    ]
  },
  {
    "pose_idx": "003",
    "x_offset": 0.2,
    "z_rotation_deg": 300,
    "obj_pose": [
      [
        -0.5473507845705837,
        -0.1789607871583381,
        0.8175452007624007,
        0.2
      ],
      [
        0.44371125429102776,
        -0.890326179025919,
        0.10217444766960906,
        0.0
      ],
      [
        0.7095966751933446,
        0.4186792705649216,
        0.566727647952503,
        0.03639296494923742
      ],
      [
        0.0,
        0.0,
        0.0,
        1.0
      ]
    ],
    "qpos_list": [
      [
        1.2170298099517822,
        0.5533009171485901,
        -0.3957640826702118,
        2.1796984672546387,
        -1.393860936164856,
        -1.3191704750061035,
        -0.11712346225976944,
        0.9516499042510986,
        0.28580808639526367,
        0.10160460323095322,
        -0.04411015287041664,
        0.7354565858840942,
        0.11506746709346771,
        -0.011616312898695469,
        -0.0367404967546463,
        0.8744120001792908,
        0.09569162875413895,
        -0.042816124856472015,
        1.2826874256134033,
        0.14539697766304016,
        0.4479462802410126,
        0.20614014565944672
      ]
    ]
  },
  {
    "pose_idx": "003",
    "x_offset": 0.25,
    "z_rotation_deg": 60,
    "obj_pose": [
      [
        -0.11058982587579538,
        0.860525482269947,
        -0.49725826768072534,
        0.25
      ],
      [
        -0.6958753113649829,
        0.29017850155257857,
        0.6569276887674835,
        0.0
      ],
      [
        0.7095966751933446,
        0.4186792705649216,
        0.566727647952503,
        0.03639296494923742
      ],
      [
        0.0,
        0.0,
        0.0,
        1.0
      ]
    ],
    "qpos_list": [
      [
        -1.03633713722229,
        -0.1847042292356491,
        -0.24103784561157227,
        1.0019047260284424,
        1.7190710306167603,
        -4.233539581298828,
        -0.11712346225976944,
        0.9516499042510986,
        0.28580808639526367,
        0.10160460323095322,
        -0.04411015287041664,
        0.7354565858840942,
        0.11506746709346771,
        -0.011616312898695469,
        -0.0367404967546463,
        0.8744120001792908,
        0.09569162875413895,
        -0.042816124856472015,
        1.2826874256134033,
        0.14539697766304016,
        0.4479462802410126,
        0.20614014565944672
      ]
    ]
  },
  {
    "pose_idx": "003",
    "x_offset": 0.25,
    "z_rotation_deg": 300,
    "obj_pose": [
      [
        -0.5473507845705837,
        -0.1789607871583381,
        0.8175452007624007,
        0.25
      ],
      [
        0.44371125429102776,
        -0.890326179025919,
        0.10217444766960906,
        0.0
      ],
      [
        0.7095966751933446,
        0.4186792705649216,
        0.566727647952503,
        0.03639296494923742
      ],
      [
        0.0,
        0.0,
        0.0,
        1.0
      ]
    ],
    "qpos_list": [
      [
        1.0146796703338623,
        0.5660404562950134,
        -0.47213518619537354,
        1.9853273630142212,
        -1.4469596147537231,
        -1.3624522686004639,
        -0.11712346225976944,
        0.9516499042510986,
        0.28580808639526367,
        0.10160460323095322,
        -0.04411015287041664,
        0.7354565858840942,
        0.11506746709346771,
        -0.011616312898695469,
        -0.0367404967546463,
        0.8744120001792908,
        0.09569162875413895,
        -0.042816124856472015,
        1.2826874256134033,
        0.14539697766304016,
        0.4479462802410126,
        0.20614014565944672
      ]
    ]
  },
  {
    "pose_idx": "003",
    "x_offset": 0.3,
    "z_rotation_deg": 60,
    "obj_pose": [
      [
        -0.11058982587579538,
        0.860525482269947,
        -0.49725826768072534,
        0.3
      ],
      [
        -0.6958753113649829,
        0.29017850155257857,
        0.6569276887674835,
        0.0
      ],
      [
        0.7095966751933446,
        0.4186792705649216,
        0.566727647952503,
        0.03639296494923742
      ],
      [
        0.0,
        0.0,
        0.0,
        1.0
      ]
    ],
    "qpos_list": [
      [
        -0.8617386221885681,
        -0.09234952926635742,
        -0.33474835753440857,
        1.1650429964065552,
        1.6559563875198364,
        -4.1983232498168945,
        -0.11712346225976944,
        0.9516499042510986,
        0.28580808639526367,
        0.10160460323095322,
        -0.04411015287041664,
        0.7354565858840942,
        0.11506746709346771,
        -0.011616312898695469,
        -0.0367404967546463,
        0.8744120001792908,
        0.09569162875413895,
        -0.042816124856472015,
        1.2826874256134033,
        0.14539697766304016,
        0.4479462802410126,
        0.20614014565944672
      ]
    ]
  },
  {
    "pose_idx": "003",
    "x_offset": 0.3,
    "z_rotation_deg": 300,
    "obj_pose": [
      [
        -0.5473507845705837,
        -0.1789607871583381,
        0.8175452007624007,
        0.3
      ],
      [
        0.44371125429102776,
        -0.890326179025919,
        0.10217444766960906,
        0.0
      ],
      [
        0.7095966751933446,
        0.4186792705649216,
        0.566727647952503,
        0.03639296494923742
      ],
      [
        0.0,
        0.0,
        0.0,
        1.0
      ]
    ],
    "qpos_list": [
      [
        0.8525972366333008,
        0.5932787656784058,
        -0.5855668187141418,
        1.8316093683242798,
        -1.4832024574279785,
        -1.4412132501602173,
        -0.11712346225976944,
        0.9516499042510986,
        0.28580808639526367,
        0.10160460323095322,
        -0.04411015287041664,
        0.7354565858840942,
        0.11506746709346771,
        -0.011616312898695469,
        -0.0367404967546463,
        0.8744120001792908,
        0.09569162875413895,
        -0.042816124856472015,
        1.2826874256134033,
        0.14539697766304016,
        0.4479462802410126,
        0.20614014565944672
      ]
    ]
  },
  {
    "pose_idx": "003",
    "x_offset": 0.3,
    "z_rotation_deg": 330,
    "obj_pose": [
      [
        -0.6958753113649829,
        0.29017850155257824,
        0.6569276887674838,
        0.3
      ],
      [
        0.11058982587579566,
        -0.8605254822699471,
        0.49725826768072506,
        0.0
      ],
      [
        0.7095966751933446,
        0.4186792705649216,
        0.566727647952503,
        0.03639296494923742
      ],
      [
        0.0,
        0.0,
        0.0,
        1.0
      ]
    ],
    "qpos_list": [
      [
        0.7665350437164307,
        -0.5699564218521118,
        0.06729799509048462,
        -1.8383259773254395,
        1.3297568559646606,
        1.2077720165252686,
        -0.11712346225976944,
        0.9516499042510986,
        0.28580808639526367,
        0.10160460323095322,
        -0.04411015287041664,
        0.7354565858840942,
        0.11506746709346771,
        -0.011616312898695469,
        -0.0367404967546463,
        0.8744120001792908,
        0.09569162875413895,
        -0.042816124856472015,
        1.2826874256134033,
        0.14539697766304016,
        0.4479462802410126,
        0.20614014565944672
      ]
    ]
  },
  {
    "pose_idx": "003",
    "x_offset": 0.35,
    "z_rotation_deg": 0,
    "obj_pose": [
      [
        -0.657940610446379,
        0.6815646951116088,
        0.3202869330816752,
        0.35
      ],
      [
        -0.25216405707395506,
        -0.6001476774733403,
        0.7591021364370925,
        0.0
      ],
      [
        0.7095966751933446,
        0.4186792705649216,
        0.566727647952503,
        0.03639296494923742
      ],
      [
        0.0,
        0.0,
        0.0,
        1.0
      ]
    ],
    "qpos_list": [
      [
        0.048575133085250854,
        -0.645066499710083,
        0.06966257840394974,
        3.1176540851593018,
        0.9099162817001343,
        -4.5772013664245605,
        -0.11712346225976944,
        0.9516499042510986,
        0.28580808639526367,
        0.10160460323095322,
        -0.04411015287041664,
        0.7354565858840942,
        0.11506746709346771,
        -0.011616312898695469,
        -0.0367404967546463,
        0.8744120001792908,
        0.09569162875413895,
        -0.042816124856472015,
        1.2826874256134033,
        0.14539697766304016,
        0.4479462802410126,
        0.20614014565944672
      ]
    ]
  },
  {
    "pose_idx": "003",
