[
  {
    "pose_idx": "006",
    "x_offset": 0.2,
    "z_rotation_deg": 0,
    "obj_pose": [
      [
        0.64123056807176,
        0.2464146473036538,
        -0.7267070800292122,
        0.2
      ],
      [
        0.5931413139037583,
        0.4416669777606713,
        0.6731371795527846,
        0.0
      ],
      [
        0.4868333804402602,
        -0.862676128306545,
        0.13705165938119224,
        0.05582400381290077
      ],
      [
        0.0,
        0.0,
        0.0,
        1.0
      ]
    ],
    "qpos_list": [
      [
        1.4827158451080322,
        0.6219357252120972,
        -0.48263290524482727,
        2.245427370071411,
        -1.540380597114563,
        -2.2471046447753906,
        0.1452816128730774,
        0.5795778632164001,
        0.15485088527202606,
        0.1676500141620636,
        -0.09921141713857651,
        1.0870726108551025,
        0.3009517192840576,
        0.15601518750190735,
        0.02480013482272625,
        1.0603841543197632,
        0.40549299120903015,
        0.2504526972770691,
        1.2832328081130981,
        0.15720869600772858,
        0.4838325083255768,
        0.20475643873214722
      ],
      [
        1.0862711668014526,
        0.13458910584449768,
        -0.26746249198913574,
        2.3343334197998047,
        -1.2754276990890503,
        -1.9441622495651245,
        -0.26240965723991394,
        0.9149420857429504,
        0.6502892374992371,
        0.29967737197875977,
        0.34810763597488403,
        0.5627282857894897,
        0.532688558101654,
        0.49493157863616943,
        0.383505642414093,
        1.2104430198669434,
        0.44371119141578674,
        0.18728283047676086,
        0.8739026784896851,
        0.02130945585668087,
        -0.00922881718724966,
        0.23068147897720337
      ],
      [
        1.444093942642212,
        -0.8722173571586609,
        -0.08981792628765106,
        2.2459373474121094,
        -1.321196436882019,
        -2.955273151397705,
        0.3809860944747925,
        1.3613359928131104,
        0.014612860977649689,
        -0.042865246534347534,
        -0.27065399289131165,
        0.38112786412239075,
        0.014425721019506454,
        -0.042600978165864944,
        0.10819787532091141,
        0.7729387283325195,
        0.0581403523683548,
        0.002362183528020978,
        1.2159547805786133,
        0.1791103482246399,
        0.9588555693626404,
        0.0566277876496315
      ]
    ]
  },
  {
    "pose_idx": "006",
    "x_offset": 0.2,
    "z_rotation_deg": 30,
    "obj_pose": [
      [
        0.25875130468139185,
        -0.0074321444507888,
        -0.9659153821917013,
        0.2
      ],
      [
        0.8342907299106148,
        0.505702146405265,
        0.21960035770991246,
        0.0
      ],
      [
        0.4868333804402602,
        -0.862676128306545,
        0.13705165938119224,
        0.05582400381290077
      ],
      [
        0.0,
        0.0,
        0.0,
        1.0
      ]
    ],
    "qpos_list": [
      [
        1.0898337364196777,
        0.24118037521839142,
        -0.43948566913604736,
        2.3125271797180176,
        -1.5460484027862549,
        -2.0677876472473145,
        0.07664348185062408,
        0.9570304155349731,
        0.11520074307918549,
        -0.01967972330749035,
        0.24128569662570953,
        0.8507804870605469,
        0.4246121942996979,
        0.23554590344429016,
        0.3766734302043915,
        1.1258336305618286,
        0.27648451924324036,
        -0.0005549520719796419,
        1.259819507598877,
        0.02098117582499981,
        0.1732332557439804,
        0.026977740228176117
      ],
      [
        -1.0282840728759766,
        -0.29271307587623596,
        -0.18616336584091187,
        -2.1727869510650635,
        -1.2328990697860718,
        -1.316236972808838,
        -0.3070075809955597,
        0.8602585792541504,
        0.14269793033599854,
        0.009235822595655918,
        -0.12142633646726608,
        0.5116735100746155,
        0.46543893218040466,
        0.43057557940483093,
        0.1971500962972641,
        0.942870557308197,
        0.24568119645118713,
        0.06621841341257095,
        1.189010739326477,
        0.022120991721749306,
        0.42614877223968506,
        0.22258920967578888
      ]
    ]
  },
  {
    "pose_idx": "006",
    "x_offset": 0.2,
    "z_rotation_deg": 60,
    "obj_pose": [
      [
        -0.1930601618388547,
        -0.2592874991016111,
        -0.9463074377391246,
        0.2
      ],
      [
        0.8518926185851502,
        0.4342348333098825,
        -0.2927782026389165,
        0.0
      ],
      [
        0.4868333804402602,
        -0.862676128306545,
        0.13705165938119224,
        0.05582400381290077
      ],
      [
        0.0,
        0.0,
        0.0,
        1.0
      ]
    ],
    "qpos_list": [
      [
        1.1639741659164429,
        0.13984030485153198,
        -0.3650938868522644,
        2.289470911026001,
        -1.4543132781982422,
        -2.15010929107666,
        -0.016423355787992477,
        0.7945730090141296,
        0.11982731521129608,
        0.02212921343743801,
        0.1700684130191803,
        0.8979824185371399,
        0.20983931422233582,
        0.036684565246105194,
        0.3776513934135437,
        0.7387703061103821,
        0.3368634283542633,
        0.20580047369003296,
        1.0957175493240356,
        0.028299249708652496,
        0.25928935408592224,
        0.14529171586036682
      ],
      [
        -1.3471856117248535,
        -1.581527829170227,
        -0.030401363968849182,
        0.8241599798202515,
        1.983658790588379,
        -3.853506565093994,
        0.3809860944747925,
        1.3613359928131104,
        0.014612860977649689,
        -0.042865246534347534,
        -0.27065399289131165,
        0.38112786412239075,
        0.014425721019506454,
        -0.042600978165864944,
        0.10819787532091141,
        0.7729387283325195,
        0.0581403523683548,
        0.002362183528020978,
        1.2159547805786133,
        0.1791103482246399,
        0.9588555693626404,
        0.0566277876496315
      ],
      [
        1.097377061843872,
        0.14813879132270813,
        -0.5690149664878845,
        2.339264392852783,
        -1.415242075920105,
        -2.347724676132202,
        0.37872180342674255,
        1.430176854133606,
        0.015174565836787224,
        -0.04264155775308609,
        -0.21651996672153473,
        0.5189526081085205,
        0.014561793766915798,
        -0.042518388479948044,
        0.09582410752773285,
        0.6583935022354126,
        0.19407205283641815,
        0.1653566062450409,
        1.2512366771697998,
        0.02150871604681015,
        0.8228005170822144,
        0.09133454412221909
      ],
      [
        1.223749041557312,
        0.11770208179950714,
        -0.4814159572124481,
        -1.0343241691589355,
        1.4929124116897583,
        -0.5763752460479736,
        -0.08213319629430771,
        0.5195277333259583,
        0.2446766197681427,
        0.10792434960603714,
        0.1613893359899521,
        0.6771368980407715,
        0.10965929925441742,
        0.021886706352233887,
        0.37822219729423523,
        0.8270177841186523,
        0.2304460108280182,
        -0.04251318424940109,
        1.2831138372421265,
        0.23672308027744293,
        0.426466166973114,
        0.2127373069524765
      ]
    ]
  },
  {
    "pose_idx": "006",
    "x_offset": 0.2,
    "z_rotation_deg": 90,
    "obj_pose": [
      [
        -0.5931413139037583,
        -0.4416669777606713,
        -0.6731371795527846,
        0.2
      ],
      [
        0.64123056807176,
        0.24641464730365384,
        -0.7267070800292122,
        0.0
      ],
      [
        0.4868333804402602,
        -0.862676128306545,
        0.13705165938119224,
        0.05582400381290077
      ],
      [
        0.0,
        0.0,
        0.0,
        1.0
      ]
    ],
    "qpos_list": [
      [
        1.5239092111587524,
        -0.12901991605758667,
        -0.20967189967632294,
        2.24147891998291,
        -1.3340562582015991,
        -2.3089630603790283,
        0.37872180342674255,
        1.430176854133606,
        0.015174565836787224,
        -0.04264155775308609,
        -0.21651996672153473,
        0.5189526081085205,
        0.014561793766915798,
        -0.042518388479948044,
        0.09582410752773285,
        0.6583935022354126,
        0.19407205283641815,
        0.1653566062450409,
        1.2512366771697998,
        0.02150871604681015,
        0.8228005170822144,
        0.09133454412221909
      ]
    ]
  },
  {
    "pose_idx": "006",
    "x_offset": 0.2,
    "z_rotation_deg": 120,
    "obj_pose": [
      [
        -0.8342907299106147,
        -0.5057021464052649,
        -0.21960035770991257,
        0.2
      ],
      [
        0.2587513046813919,
        -0.0074321444507887266,
        -0.9659153821917011,
        0.0
      ],
      [
        0.4868333804402602,
        -0.862676128306545,
        0.13705165938119224,
        0.05582400381290077
      ],
      [
        0.0,
        0.0,
        0.0,
        1.0
      ]
    ],
    "qpos_list": [
      [
        -1.0891774892807007,
        0.14176598191261292,
        -0.2821275293827057,
        -2.0179264545440674,
        -1.2429171800613403,
        -1.7041008472442627,
        -0.26240965723991394,
        0.9149420857429504,
        0.6502892374992371,
        0.29967737197875977,
        0.34810763597488403,
        0.5627282857894897,
        0.532688558101654,
        0.49493157863616943,
        0.383505642414093,
        1.2104430198669434,
        0.44371119141578674,
        0.18728283047676086,
        0.8739026784896851,
        0.02130945585668087,
        -0.00922881718724966,
        0.23068147897720337
      ]
    ]
  },
  {
    "pose_idx": "006",
    "x_offset": 0.2,
    "z_rotation_deg": 150,
    "obj_pose": [
      [
        -0.8518926185851501,
        -0.4342348333098825,
        0.29277820263891674,
        0.2
      ],
      [
        -0.19306016183885485,
        -0.2592874991016112,
        -0.9463074377391246,
        0.0
      ],
      [
        0.4868333804402602,
        -0.862676128306545,
        0.13705165938119224,
        0.05582400381290077
      ],
      [
        0.0,
        0.0,
        0.0,
        1.0
      ]
    ],
    "qpos_list": [
      [
        1.4285669326782227,
        -0.04671217501163483,
        -0.1556633859872818,
        2.4188082218170166,
        -1.3536889553070068,
        -1.4956727027893066,
        0.3542748987674713,
        1.4312306642532349,
        0.45530053973197937,
        0.0696941390633583,
        -0.2528415322303772,
        0.7583274841308594,
        0.26775676012039185,
        0.15514236688613892,
        0.041370637714862823,
        1.099698781967163,
        0.10849594324827194,
        -0.04262677580118179,
        1.2705038785934448,
        0.3909383714199066,
        0.4386434257030487,
        0.02559051476418972
      ],
      [
        -1.4173355102539062,
        -0.7903244495391846,
        -0.07807677239179611,
        0.9313874840736389,
        1.9845540523529053,
        1.89047110080719,
        0.07664348185062408,
        0.9570304155349731,
        0.11520074307918549,
        -0.01967972330749035,
        0.24128569662570953,
        0.8507804870605469,
        0.4246121942996979,
        0.23554590344429016,
        0.3766734302043915,
        1.1258336305618286,
        0.27648451924324036,
        -0.0005549520719796419,
        1.259819507598877,
        0.02098117582499981,
        0.1732332557439804,
        0.026977740228176117
      ]
    ]
  },
  {
    "pose_idx": "006",
    "x_offset": 0.2,
    "z_rotation_deg": 180,
    "obj_pose": [
      [
        -0.6412305680717602,
        -0.24641464730365387,
        0.7267070800292121,
        0.2
      ],
      [
        -0.5931413139037582,
        -0.44166697776067126,
        -0.6731371795527847,
        0.0
      ],
      [
        0.4868333804402602,
        -0.862676128306545,
        0.13705165938119224,
        0.05582400381290077
      ],
      [
        0.0,
        0.0,
        0.0,
        1.0
      ]
    ],
    "qpos_list": [
      [
        1.0366404056549072,
        -0.24505159258842468,
        -0.23598439991474152,
        2.2411537170410156,
        -1.2889838218688965,
        -2.437980890274048,
        -0.09794463217258453,
        0.7472723722457886,
        0.02024160884320736,
        0.20012734830379486,
        0.1874849647283554,
        0.9055911898612976,
        0.2653104364871979,
        0.13461609184741974,
        0.37694278359413147,
        0.7534112334251404,
        0.4145207107067108,
        0.28332194685935974,
        0.9712666869163513,
        0.027933238074183464,
        0.3190463185310364,
        0.10629899799823761
      ],
      [
        -1.2729796171188354,
        -0.738929808139801,
        -0.14049507677555084,
        0.8881583213806152,
        1.8926703929901123,
        -4.449369430541992,
        -0.016423355787992477,
        0.7945730090141296,
        0.11982731521129608,
        0.02212921343743801,
        0.1700684130191803,
        0.8979824185371399,
        0.20983931422233582,
        0.036684565246105194,
        0.3776513934135437,
        0.7387703061103821,
        0.3368634283542633,
        0.20580047369003296,
        1.0957175493240356,
        0.028299249708652496,
        0.25928935408592224,
        0.14529171586036682
      ]
    ]
  },
  {
    "pose_idx": "006",
    "x_offset": 0.2,
    "z_rotation_deg": 240,
    "obj_pose": [
      [
        0.19306016183885433,
        0.2592874991016109,
        0.9463074377391247,
        0.2
      ],
      [
        -0.8518926185851502,
        -0.4342348333098826,
        0.2927782026389161,
        0.0
      ],
      [
        0.4868333804402602,
        -0.862676128306545,
        0.13705165938119224,
        0.05582400381290077
      ],
      [
        0.0,
        0.0,
        0.0,
        1.0
      ]
    ],
    "qpos_list": [
      [
        -1.4065086841583252,
        -0.01806698366999626,
        -0.1976853609085083,
        -2.0907726287841797,
        -1.3061169385910034,
        -1.1524423360824585,
        0.3542748987674713,
        1.4312306642532349,
        0.45530053973197937,
        0.0696941390633583,
        -0.2528415322303772,
        0.7583274841308594,
        0.26775676012039185,
        0.15514236688613892,
        0.041370637714862823,
        1.099698781967163,
        0.10849594324827194,
        -0.04262677580118179,
        1.2705038785934448,
        0.3909383714199066,
        0.4386434257030487,
        0.02559051476418972
      ],
      [
        1.561791181564331,
        0.43378686904907227,
        -0.5252164006233215,
        -0.7859931588172913,
        1.9765173196792603,
        0.6593258380889893,
        0.06042448431253433,
        0.5418763160705566,
        0.20439225435256958,
        -0.04289429262280464,
        0.13436190783977509,
        0.7372439503669739,
        0.4487297236919403,
        0.08214294165372849,
        0.33720463514328003,
        1.1914162635803223,
        0.15093548595905304,
        -0.03640865907073021,
        1.2682735919952393,
        0.09856140613555908,
        0.4417320787906647,
        0.0957677960395813
      ]
    ]
  },
  {
    "pose_idx": "006",
    "x_offset": 0.2,
    "z_rotation_deg": 270,
    "obj_pose": [
      [
        0.5931413139037582,
        0.44166697776067126,
        0.6731371795527847,
        0.2
      ],
      [
        -0.6412305680717602,
        -0.2464146473036539,
        0.7267070800292121,
        0.0
      ],
      [
        0.4868333804402602,
        -0.862676128306545,
        0.13705165938119224,
        0.05582400381290077
      ],
      [
        0.0,
        0.0,
        0.0,
        1.0
      ]
    ],
    "qpos_list": [
      [
        -1.2010589838027954,
        -0.4557046890258789,
        -0.086347296833992,
        -2.0146548748016357,
        -1.1919747591018677,
        -1.4205454587936401,
        -0.09794463217258453,
        0.7472723722457886,
        0.02024160884320736,
        0.20012734830379486,
        0.1874849647283554,
        0.9055911898612976,
        0.2653104364871979,
        0.13461609184741974,
        0.37694278359413147,
        0.7534112334251404,
        0.4145207107067108,
        0.28332194685935974,
        0.9712666869163513,
        0.027933238074183464,
        0.3190463185310364,
        0.10629899799823761
      ],
      [
        0.8706933856010437,
        -0.0777629166841507,
        -0.3986048102378845,
        2.226170778274536,
        -1.256645679473877,
        -2.231299638748169,
        -0.3070075809955597,
        0.8602585792541504,
        0.14269793033599854,
        0.009235822595655918,
        -0.12142633646726608,
        0.5116735100746155,
        0.46543893218040466,
        0.43057557940483093,
        0.1971500962972641,
        0.942870557308197,
        0.24568119645118713,
        0.06621841341257095,
        1.189010739326477,
        0.022120991721749306,
        0.42614877223968506,
        0.22258920967578888
      ],
      [
        -1.0041521787643433,
        -0.472511351108551,
        -0.3240516483783722,
        0.9055665731430054,
        1.6857420206069946,
        -3.847752809524536,
        0.3542748987674713,
        1.4312306642532349,
        0.45530053973197937,
        0.0696941390633583,
        -0.2528415322303772,
        0.7583274841308594,
        0.26775676012039185,
        0.15514236688613892,
        0.041370637714862823,
        1.099698781967163,
        0.10849594324827194,
        -0.04262677580118179,
        1.2705038785934448,
        0.3909383714199066,
        0.4386434257030487,
        0.02559051476418972
      ]
    ]
  },
  {
    "pose_idx": "006",
    "x_offset": 0.2,
    "z_rotation_deg": 300,
    "obj_pose": [
      [
        0.8342907299106148,
        0.505702146405265,
        0.21960035770991226,
        0.2
      ],
      [
        -0.25875130468139174,
        0.007432144450788902,
        0.9659153821917013,
        0.0
      ],
      [
        0.4868333804402602,
        -0.862676128306545,
        0.13705165938119224,
        0.05582400381290077
      ],
      [
        0.0,
        0.0,
        0.0,
        1.0
      ]
    ],
    "qpos_list": [
      [
        1.112537145614624,
        -0.390956312417984,
        -0.11814981698989868,
        2.0144059658050537,
        -1.1601312160491943,
        -2.3351054191589355,
        -0.3070075809955597,
        0.8602585792541504,
        0.14269793033599854,
        0.009235822595655918,
        -0.12142633646726608,
        0.5116735100746155,
        0.46543893218040466,
        0.43057557940483093,
        0.1971500962972641,
        0.942870557308197,
        0.24568119645118713,
        0.06621841341257095,
        1.189010739326477,
        0.022120991721749306,
        0.42614877223968506,
        0.22258920967578888
      ],
      [
        -0.856576681137085,
        -0.9450058937072754,
        -0.13343019783496857,
        0.9253810048103333,
        1.5863996744155884,
        -4.168847560882568,
        -0.09794463217258453,
        0.7472723722457886,
        0.02024160884320736,
        0.20012734830379486,
        0.1874849647283554,
        0.9055911898612976,
        0.2653104364871979,
        0.13461609184741974,
        0.37694278359413147,
        0.7534112334251404,
        0.4145207107067108,
        0.28332194685935974,
        0.9712666869163513,
        0.027933238074183464,
        0.3190463185310364,
        0.10629899799823761
      ],
      [
        1.2830965518951416,
        0.48390188813209534,
        -0.6984848976135254,
        -0.8032929301261902,
        2.037407636642456,
        0.5930920243263245,
        0.003942633513361216,
        0.5788444876670837,
        0.11288619041442871,
        0.05895322561264038,
        0.0883650928735733,
        0.5987940430641174,
        0.5110029578208923,
        0.5076916813850403,
        0.3425164818763733,
        1.2154169082641602,
        0.03545813262462616,
        -0.04275184124708176,
        1.2827080488204956,
        0.3853760361671448,
        0.4653678834438324,
        0.1700483113527298
      ]
    ]
  },
  {
    "pose_idx": "006",
    "x_offset": 0.2,
    "z_rotation_deg": 330,
    "obj_pose": [
      [
        0.8518926185851502,
        0.4342348333098826,
        -0.2927782026389161,
        0.2
      ],
      [
        0.19306016183885433,
        0.2592874991016109,
        0.9463074377391247,
        0.0
      ],
      [
        0.4868333804402602,
        -0.862676128306545,
        0.13705165938119224,
        0.05582400381290077
      ],
      [
        0.0,
        0.0,
        0.0,
        1.0
      ]
    ],
    "qpos_list": [
      [
        1.1085420846939087,
        -1.235102653503418,
        -0.12194216996431351,
        -0.8087765574455261,
        1.7120531797409058,
        0.005009847693145275,
        0.3809860944747925,
        1.3613359928131104,
        0.014612860977649689,
        -0.042865246534347534,
        -0.27065399289131165,
        0.38112786412239075,
        0.014425721019506454,
        -0.042600978165864944,
        0.10819787532091141,
        0.7729387283325195,
        0.0581403523683548,
        0.002362183528020978,
        1.2159547805786133,
        0.1791103482246399,
        0.9588555693626404,
        0.0566277876496315
      ]
    ]
  },
  {
    "pose_idx": "006",
    "x_offset": 0.25,
    "z_rotation_deg": 0,
    "obj_pose": [
      [
        0.64123056807176,
        0.2464146473036538,
        -0.7267070800292122,
        0.25
      ],
      [
        0.5931413139037583,
        0.4416669777606713,
        0.6731371795527846,
        0.0
      ],
      [
        0.4868333804402602,
        -0.862676128306545,
        0.13705165938119224,
        0.05582400381290077
      ],
      [
        0.0,
        0.0,
        0.0,
        1.0
      ]
    ],
    "qpos_list": [
      [
        1.2793145179748535,
        0.6264144778251648,
        -0.5131152868270874,
        2.0437135696411133,
        -1.5759092569351196,
        -2.2549452781677246,
        0.1452816128730774,
        0.5795778632164001,
        0.15485088527202606,
        0.1676500141620636,
        -0.09921141713857651,
        1.0870726108551025,
        0.3009517192840576,
        0.15601518750190735,
        0.02480013482272625,
        1.0603841543197632,
        0.40549299120903015,
        0.2504526972770691,
        1.2832328081130981,
        0.15720869600772858,
        0.4838325083255768,
        0.20475643873214722
      ],
      [
        -0.862240195274353,
        -0.6039167046546936,
        -0.011964350938796997,
        -1.7075856924057007,
        -0.9475516080856323,
        -1.0365701913833618,
        -0.3070075809955597,
        0.8602585792541504,
        0.14269793033599854,
        0.009235822595655918,
        -0.12142633646726608,
        0.5116735100746155,
        0.46543893218040466,
        0.43057557940483093,
        0.1971500962972641,
        0.942870557308197,
        0.24568119645118713,
        0.06621841341257095,
        1.189010739326477,
        0.022120991721749306,
        0.42614877223968506,
        0.22258920967578888
      ],
      [
        0.8150595426559448,
        -0.645006537437439,
        -0.13399086892604828,
        -0.9815228581428528,
        1.5907671451568604,
        0.6188761591911316,
        -0.26240965723991394,
        0.9149420857429504,
        0.6502892374992371,
        0.29967737197875977,
        0.34810763597488403,
        0.5627282857894897,
        0.532688558101654,
        0.49493157863616943,
        0.383505642414093,
        1.2104430198669434,
        0.44371119141578674,
        0.18728283047676086,
        0.8739026784896851,
        0.02130945585668087,
        -0.00922881718724966,
        0.23068147897720337
      ],
      [
        1.0890529155731201,
        -0.7631546258926392,
        -0.16349081695079803,
        2.08931827545166,
        -1.0636215209960938,
        -3.097424030303955,
        0.3809860944747925,
        1.3613359928131104,
        0.014612860977649689,
        -0.042865246534347534,
        -0.27065399289131165,
        0.38112786412239075,
        0.014425721019506454,
        -0.042600978165864944,
        0.10819787532091141,
        0.7729387283325195,
        0.0581403523683548,
        0.002362183528020978,
        1.2159547805786133,
        0.1791103482246399,
        0.9588555693626404,
        0.0566277876496315
      ]
    ]
  },
  {
    "pose_idx": "006",
    "x_offset": 0.25,
    "z_rotation_deg": 30,
    "obj_pose": [
      [
        0.25875130468139185,
        -0.0074321444507888,
        -0.9659153821917013,
        0.25
      ],
      [
        0.8342907299106148,
        0.505702146405265,
        0.21960035770991246,
        0.0
      ],
      [
        0.4868333804402602,
        -0.862676128306545,
        0.13705165938119224,
        0.05582400381290077
      ],
      [
        0.0,
        0.0,
        0.0,
        1.0
      ]
    ],
    "qpos_list": [
      [
        -0.943920910358429,
        -1.0509740114212036,
        -0.09933646023273468,
        4.1384687423706055,
        -0.993682861328125,
        -0.4954928457736969,
        0.3809860944747925,
        1.3613359928131104,
        0.014612860977649689,
        -0.042865246534347534,
        -0.27065399289131165,
        0.38112786412239075,
        0.014425721019506454,
        -0.042600978165864944,
        0.10819787532091141,
        0.7729387283325195,
        0.0581403523683548,
        0.002362183528020978,
        1.2159547805786133,
        0.1791103482246399,
        0.9588555693626404,
        0.0566277876496315
      ],
      [
        0.9273187518119812,
        0.2957347631454468,
        -0.5452346801757812,
        2.1554479598999023,
        -1.5490667819976807,
        -2.1302030086517334,
        0.07664348185062408,
        0.9570304155349731,
        0.11520074307918549,
        -0.01967972330749035,
        0.24128569662570953,
        0.8507804870605469,
        0.4246121942996979,
        0.23554590344429016,
        0.3766734302043915,
        1.1258336305618286,
        0.27648451924324036,
        -0.0005549520719796419,
        1.259819507598877,
        0.02098117582499981,
        0.1732332557439804,
        0.026977740228176117
      ],
      [
        -0.8305366635322571,
        -0.1780671626329422,
        -0.29995763301849365,
        -2.014871835708618,
        -1.1536943912506104,
        -1.268163800239563,
        -0.3070075809955597,
        0.8602585792541504,
        0.14269793033599854,
        0.009235822595655918,
        -0.12142633646726608,
        0.5116735100746155,
        0.46543893218040466,
        0.43057557940483093,
        0.1971500962972641,
        0.942870557308197,
        0.24568119645118713,
        0.06621841341257095,
        1.189010739326477,
        0.022120991721749306,
        0.42614877223968506,
        0.22258920967578888
      ]
    ]
  },
  {
    "pose_idx": "006",
    "x_offset": 0.25,
    "z_rotation_deg": 60,
    "obj_pose": [
      [
        -0.1930601618388547,
        -0.2592874991016111,
        -0.9463074377391246,
        0.25
      ],
      [
        0.8518926185851502,
        0.4342348333098825,
        -0.2927782026389165,
        0.0
      ],
      [
        0.4868333804402602,
        -0.862676128306545,
        0.13705165938119224,
        0.05582400381290077
      ],
      [
        0.0,
        0.0,
        0.0,
        1.0
      ]
    ],
    "qpos_list": [
      [
        1.1412684917449951,
        0.7423257827758789,
        -0.8459099531173706,
        1.9934065341949463,
        -1.3554328680038452,
        -3.4939730167388916,
        -0.08213319629430771,
        0.5195277333259583,
        0.2446766197681427,
        0.10792434960603714,
        0.1613893359899521,
        0.6771368980407715,
        0.10965929925441742,
        0.021886706352233887,
        0.37822219729423523,
        0.8270177841186523,
        0.2304460108280182,
        -0.04251318424940109,
        1.2831138372421265,
        0.23672308027744293,
        0.426466166973114,
        0.2127373069524765
      ],
      [
        -1.494767665863037,
        0.3550473153591156,
        -0.40250101685523987,
        0.6795545816421509,
        1.9204330444335938,
        0.7862006425857544,
        0.003942633513361216,
        0.5788444876670837,
        0.11288619041442871,
        0.05895322561264038,
        0.0883650928735733,
        0.5987940430641174,
        0.5110029578208923,
        0.5076916813850403,
        0.3425164818763733,
        1.2154169082641602,
        0.03545813262462616,
        -0.04275184124708176,
        1.2827080488204956,
        0.3853760361671448,
        0.4653678834438324,
        0.1700483113527298
      ],
      [
        -1.0131402015686035,
        -0.4698483645915985,
        -0.29457974433898926,
        -2.188307523727417,
        -1.1942442655563354,
        -1.1505271196365356,
        0.3809860944747925,
        1.3613359928131104,
        0.014612860977649689,
        -0.042865246534347534,
        -0.27065399289131165,
        0.38112786412239075,
        0.014425721019506454,
        -0.042600978165864944,
        0.10819787532091141,
        0.7729387283325195,
        0.0581403523683548,
        0.002362183528020978,
        1.2159547805786133,
        0.1791103482246399,
        0.9588555693626404,
        0.0566277876496315
      ],
      [
        0.9248724579811096,
        -0.41737064719200134,
        -0.4195326864719391,
        -0.9224129915237427,
        1.6098507642745972,
        0.41250374913215637,
        0.37872180342674255,
        1.430176854133606,
        0.015174565836787224,
        -0.04264155775308609,
        -0.21651996672153473,
        0.5189526081085205,
        0.014561793766915798,
        -0.042518388479948044,
        0.09582410752773285,
        0.6583935022354126,
        0.19407205283641815,
        0.1653566062450409,
        1.2512366771697998,
        0.02150871604681015,
        0.8228005170822144,
        0.09133454412221909
      ],
      [
        0.9834246635437012,
        0.19457055628299713,
        -0.4599139392375946,
        2.1214025020599365,
        -1.4427212476730347,
        -2.2086546421051025,
        -0.016423355787992477,
        0.7945730090141296,
        0.11982731521129608,
        0.02212921343743801,
        0.1700684130191803,
        0.8979824185371399,
        0.20983931422233582,
        0.036684565246105194,
        0.3776513934135437,
        0.7387703061103821,
        0.3368634283542633,
        0.20580047369003296,
        1.0957175493240356,
        0.028299249708652496,
        0.25928935408592224,
        0.14529171586036682
      ]
    ]
  },
  {
    "pose_idx": "006",
    "x_offset": 0.25,
    "z_rotation_deg": 90,
    "obj_pose": [
      [
        -0.5931413139037583,
        -0.4416669777606713,
        -0.6731371795527846,
        0.25
      ],
      [
        0.64123056807176,
        0.24641464730365384,
        -0.7267070800292122,
        0.0
      ],
      [
        0.4868333804402602,
        -0.862676128306545,
        0.13705165938119224,
        0.05582400381290077
      ],
      [
        0.0,
        0.0,
        0.0,
        1.0
      ]
    ],
    "qpos_list": [
      [
        1.2772973775863647,
        -0.09790105372667313,
        -0.250474750995636,
        2.02357816696167,
        -1.2690255641937256,
        -2.363187551498413,
        0.37872180342674255,
        1.430176854133606,
        0.015174565836787224,
        -0.04264155775308609,
        -0.21651996672153473,
        0.5189526081085205,
        0.014561793766915798,
        -0.042518388479948044,
        0.09582410752773285,
        0.6583935022354126,
        0.19407205283641815,
        0.1653566062450409,
        1.2512366771697998,
        0.02150871604681015,
        0.8228005170822144,
        0.09133454412221909
      ],
      [
        1.414101243019104,
        -0.16341115534305573,
        -0.1316380649805069,
        4.929732799530029,
        1.3681495189666748,
        -0.5526743531227112,
        -0.08213319629430771,
        0.5195277333259583,
        0.2446766197681427,
        0.10792434960603714,
        0.1613893359899521,
        0.6771368980407715,
        0.10965929925441742,
        0.021886706352233887,
        0.37822219729423523,
        0.8270177841186523,
        0.2304460108280182,
        -0.04251318424940109,
        1.2831138372421265,
        0.23672308027744293,
        0.426466166973114,
        0.2127373069524765
      ],
      [
        -1.5700000524520874,
        0.6204162836074829,
        -0.2675819396972656,
        -2.374739170074463,
        -1.3704249858856201,
        -2.5995004177093506,
        0.1452816128730774,
        0.5795778632164001,
        0.15485088527202606,
        0.1676500141620636,
        -0.09921141713857651,
        1.0870726108551025,
        0.3009517192840576,
        0.15601518750190735,
        0.02480013482272625,
        1.0603841543197632,
        0.40549299120903015,
        0.2504526972770691,
        1.2832328081130981,
        0.15720869600772858,
        0.4838325083255768,
        0.20475643873214722
      ],
      [
        -1.0393829345703125,
        -0.03576945140957832,
        0.01801947131752968,
        -1.4038842916488647,
        -1.1821526288986206,
        -1.8217734098434448,
        -0.26240965723991394,
        0.9149420857429504,
        0.6502892374992371,
        0.29967737197875977,
        0.34810763597488403,
        0.5627282857894897,
        0.532688558101654,
        0.49493157863616943,
        0.383505642414093,
        1.2104430198669434,
        0.44371119141578674,
        0.18728283047676086,
        0.8739026784896851,
        0.02130945585668087,
        -0.00922881718724966,
        0.23068147897720337
      ]
    ]
  },
  {
    "pose_idx": "006",
    "x_offset": 0.25,
    "z_rotation_deg": 120,
    "obj_pose": [
      [
        -0.8342907299106147,
        -0.5057021464052649,
        -0.21960035770991257,
        0.25
      ],
      [
        0.2587513046813919,
        -0.0074321444507887266,
        -0.9659153821917011,
        0.0
      ],
      [
        0.4868333804402602,
        -0.862676128306545,
        0.13705165938119224,
        0.05582400381290077
      ],
      [
        0.0,
        0.0,
        0.0,
        1.0
      ]
    ],
    "qpos_list": [
      [
        -0.713049590587616,
        -0.5836175680160522,
        -0.15554675459861755,
        1.2878779172897339,
        1.3041528463363647,
        -4.20943546295166,
        -0.26240965723991394,
        0.9149420857429504,
        0.6502892374992371,
        0.29967737197875977,
        0.34810763597488403,
        0.5627282857894897,
        0.532688558101654,
        0.49493157863616943,
        0.383505642414093,
        1.2104430198669434,
        0.44371119141578674,
        0.18728283047676086,
        0.8739026784896851,
        0.02130945585668087,
        -0.00922881718724966,
        0.23068147897720337
      ]
    ]
  },
  {
    "pose_idx": "006",
    "x_offset": 0.25,
    "z_rotation_deg": 150,
    "obj_pose": [
      [
        -0.8518926185851501,
        -0.4342348333098825,
        0.29277820263891674,
        0.25
      ],
      [
        -0.19306016183885485,
        -0.2592874991016112,
        -0.9463074377391246,
        0.0
      ],
      [
        0.4868333804402602,
        -0.862676128306545,
        0.13705165938119224,
        0.05582400381290077
      ],
      [
        0.0,
        0.0,
        0.0,
        1.0
      ]
    ],
    "qpos_list": [
      [
        -1.0908619165420532,
        0.16629575192928314,
        -0.30103352665901184,
        -1.9923490285873413,
        -1.467046856880188,
        -1.795732855796814,
        0.07664348185062408,
        0.9570304155349731,
        0.11520074307918549,
        -0.01967972330749035,
        0.24128569662570953,
        0.8507804870605469,
        0.4246121942996979,
        0.23554590344429016,
        0.3766734302043915,
        1.1258336305618286,
        0.27648451924324036,
        -0.0005549520719796419,
        1.259819507598877,
        0.02098117582499981,
        0.1732332557439804,
        0.026977740228176117
      ],
      [
        -1.2919282913208008,
        -0.14001071453094482,
        0.03191426396369934,
        -1.7974457740783691,
        -1.3313624858856201,
        -1.8660738468170166,
        -0.016423355787992477,
        0.7945730090141296,
        0.11982731521129608,
        0.02212921343743801,
        0.1700684130191803,
        0.8979824185371399,
        0.20983931422233582,
        0.036684565246105194,
        0.3776513934135437,
        0.7387703061103821,
        0.3368634283542633,
        0.20580047369003296,
        1.0957175493240356,
        0.028299249708652496,
        0.25928935408592224,
        0.14529171586036682
      ],
      [
        1.1655852794647217,
        -0.007322023157030344,
        -0.2112603634595871,
        2.1729986667633057,
        -1.3233323097229004,
        -1.545363187789917,
        0.3542748987674713,
        1.4312306642532349,
        0.45530053973197937,
        0.0696941390633583,
        -0.2528415322303772,
        0.7583274841308594,
        0.26775676012039185,
        0.15514236688613892,
        0.041370637714862823,
        1.099698781967163,
        0.10849594324827194,
        -0.04262677580118179,
        1.2705038785934448,
        0.3909383714199066,
        0.4386434257030487,
        0.02559051476418972
      ]
    ]
  },
  {
    "pose_idx": "006",
    "x_offset": 0.25,
    "z_rotation_deg": 180,
    "obj_pose": [
      [
        -0.6412305680717602,
        -0.24641464730365387,
        0.7267070800292121,
        0.25
      ],
      [
        -0.5931413139037582,
        -0.44166697776067126,
        -0.6731371795527847,
        0.0
      ],
      [
        0.4868333804402602,
        -0.862676128306545,
        0.13705165938119224,
        0.05582400381290077
      ],
      [
        0.0,
        0.0,
        0.0,
        1.0
      ]
    ],
    "qpos_list": [
      [
        -1.2044215202331543,
        -0.04520949721336365,
        -0.3070650100708008,
        4.029912948608398,
        -1.3453298807144165,
        -1.7179840803146362,
        0.37872180342674255,
        1.430176854133606,
        0.015174565836787224,
        -0.04264155775308609,
        -0.21651996672153473,
        0.5189526081085205,
        0.014561793766915798,
        -0.042518388479948044,
        0.09582410752773285,
        0.6583935022354126,
        0.19407205283641815,
        0.1653566062450409,
        1.2512366771697998,
        0.02150871604681015,
        0.8228005170822144,
        0.09133454412221909
      ],
      [
        -1.019579291343689,
        -0.6285234093666077,
        -0.19238509237766266,
        1.0693455934524536,
        1.702335238456726,
        -4.390029430389404,
        -0.016423355787992477,
        0.7945730090141296,
        0.11982731521129608,
        0.02212921343743801,
        0.1700684130191803,
        0.8979824185371399,
        0.20983931422233582,
        0.036684565246105194,
        0.3776513934135437,
        0.7387703061103821,
        0.3368634283542633,
        0.20580047369003296,
        1.0957175493240356,
        0.028299249708652496,
        0.25928935408592224,
        0.14529171586036682
      ],
      [
        0.8469563722610474,
        -0.1378796398639679,
        -0.3498167395591736,
        2.091201066970825,
        -1.2196403741836548,
        -2.49580717086792,
        -0.09794463217258453,
