[
  {
    "pose_idx": "001",
    "x_offset": 0.2,
    "z_rotation_deg": 30,
    "obj_pose": [
      [
        -0.7512693681168557,
        -0.6599055075426166,
        -0.010911353913334627,
        0.2
      ],
      [
        -0.6599951738935453,
        0.7511450203792858,
        0.013694115401561383,
        0.0
      ],
      [
        -0.0008408130168171869,
        0.017489410348095622,
        -0.9998466950283662,
        0.037241182907778794
      ],
      [
        0.0,
        0.0,
        0.0,
        1.0
      ]
    ],
    "qpos_list": [
      [
        -1.1701223850250244,
        0.14151442050933838,
        -0.20050545036792755,
        -2.4089269638061523,
        -1.231163740158081,
        -1.8898348808288574,
        -0.3772140145301819,
        1.4262220859527588,
        0.9950416088104248,
        -0.042294856160879135,
        -0.009598269127309322,
        0.7701215744018555,
        0.1526746153831482,
        0.08515401929616928,
        0.0926622748374939,
        1.1232376098632812,
        0.10613599419593811,
        -0.035035207867622375,
        1.002724051475525,
        0.03275600075721741,
        0.42371076345443726,
        0.08804935961961746
      ]
    ]
  },
  {
    "pose_idx": "001",
    "x_offset": 0.2,
    "z_rotation_deg": 270,
    "obj_pose": [
      [
        -0.1959379029085104,
        0.9804634233459496,
        0.01731512877677521,
        0.2
      ],
      [
        0.9806159448210527,
        0.1959224234395264,
        0.0026024519778498427,
        0.0
      ],
      [
        -0.0008408130168171869,
        0.017489410348095622,
        -0.9998466950283662,
        0.037241182907778794
      ],
      [
        0.0,
        0.0,
        0.0,
        1.0
      ]
    ],
    "qpos_list": [
      [
        1.0365599393844604,
        0.22053655982017517,
        -0.35898977518081665,
        1.9558347463607788,
        -1.2365505695343018,
        -2.070699691772461,
        -0.3772140145301819,
        1.4262220859527588,
        0.9950416088104248,
        -0.042294856160879135,
        -0.009598269127309322,
        0.7701215744018555,
        0.1526746153831482,
        0.08515401929616928,
        0.0926622748374939,
        1.1232376098632812,
        0.10613599419593811,
        -0.035035207867622375,
        1.002724051475525,
        0.03275600075721741,
        0.42371076345443726,
        0.08804935961961746
      ]
    ]
  },
  {
    "pose_idx": "001",
    "x_offset": 0.2,
    "z_rotation_deg": 300,
    "obj_pose": [
      [
        -0.6599951738935455,
        0.7511450203792857,
        0.01369411540156138,
        0.2
      ],
      [
        0.7512693681168556,
        0.6599055075426167,
        0.01091135391333463,
        0.0
      ],
      [
        -0.0008408130168171869,
        0.017489410348095622,
        -0.9998466950283662,
        0.037241182907778794
      ],
      [
        0.0,
        0.0,
        0.0,
        1.0
      ]
    ],
    "qpos_list": [
      [
        1.0531078577041626,
        0.6695005297660828,
        -1.2710809707641602,
        -1.1202830076217651,
        1.820472240447998,
        -0.07670861482620239,
        -0.12155067920684814,
        0.9108029007911682,
        0.36097586154937744,
        0.14977388083934784,
        -0.10721883922815323,
        0.7395205497741699,
        0.26410558819770813,
        0.4563847780227661,
        0.32316499948501587,
        1.2734696865081787,
        0.014912421815097332,
        -0.042852651327848434,
        1.2822999954223633,
        0.22475002706050873,
        0.5431087613105774,
        0.22132979333400726
      ]
    ]
  },
  {
    "pose_idx": "001",
    "x_offset": 0.2,
    "z_rotation_deg": 330,
    "obj_pose": [
      [
        -0.9472072710253661,
        0.32055791580333354,
        0.006403774863440589,
        0.2
      ],
      [
        0.32062077092750785,
        0.9470674438188121,
        0.016296567379411223,
        0.0
      ],
      [
        -0.0008408130168171869,
        0.017489410348095622,
        -0.9998466950283662,
        0.037241182907778794
      ],
      [
        0.0,
        0.0,
        0.0,
        1.0
      ]
    ],
    "qpos_list": [
      [
        1.4599906206130981,
        0.9557764530181885,
        -1.2350834608078003,
        1.9590811729431152,
        -1.642674207687378,
        -2.941547155380249,
        -0.12155067920684814,
        0.9108029007911682,
        0.36097586154937744,
        0.14977388083934784,
        -0.10721883922815323,
        0.7395205497741699,
        0.26410558819770813,
        0.4563847780227661,
        0.32316499948501587,
        1.2734696865081787,
        0.014912421815097332,
        -0.042852651327848434,
        1.2822999954223633,
        0.22475002706050873,
        0.5431087613105774,
        0.22132979333400726
      ]
    ]
  },
  {
    "pose_idx": "001",
    "x_offset": 0.25,
    "z_rotation_deg": 30,
    "obj_pose": [
      [
        -0.7512693681168557,
        -0.6599055075426166,
        -0.010911353913334627,
        0.25
      ],
      [
        -0.6599951738935453,
        0.7511450203792858,
        0.013694115401561383,
        0.0
      ],
      [
        -0.0008408130168171869,
        0.017489410348095622,
        -0.9998466950283662,
        0.037241182907778794
      ],
      [
        0.0,
        0.0,
        0.0,
        1.0
      ]
    ],
    "qpos_list": [
      [
        -0.8679717183113098,
        -0.7507814764976501,
        -0.05158804729580879,
        0.9383013248443604,
        1.6429139375686646,
        -4.398494243621826,
        -0.3772140145301819,
        1.4262220859527588,
        0.9950416088104248,
        -0.042294856160879135,
        -0.009598269127309322,
        0.7701215744018555,
        0.1526746153831482,
        0.08515401929616928,
        0.0926622748374939,
        1.1232376098632812,
        0.10613599419593811,
        -0.035035207867622375,
        1.002724051475525,
        0.03275600075721741,
        0.42371076345443726,
        0.08804935961961746
      ]
    ]
  },
  {
    "pose_idx": "001",
    "x_offset": 0.25,
    "z_rotation_deg": 270,
    "obj_pose": [
      [
        -0.1959379029085104,
        0.9804634233459496,
        0.01731512877677521,
        0.25
      ],
      [
        0.9806159448210527,
        0.1959224234395264,
        0.0026024519778498427,
        0.0
      ],
      [
        -0.0008408130168171869,
        0.017489410348095622,
        -0.9998466950283662,
        0.037241182907778794
      ],
      [
        0.0,
        0.0,
        0.0,
        1.0
      ]
    ],
    "qpos_list": [
      [
        0.8705227971076965,
        0.2776069939136505,
        -0.4742651879787445,
        1.8144845962524414,
        -1.2281837463378906,
        -2.138267755508423,
        -0.3772140145301819,
        1.4262220859527588,
        0.9950416088104248,
        -0.042294856160879135,
        -0.009598269127309322,
        0.7701215744018555,
        0.1526746153831482,
        0.08515401929616928,
        0.0926622748374939,
        1.1232376098632812,
        0.10613599419593811,
        -0.035035207867622375,
        1.002724051475525,
        0.03275600075721741,
        0.42371076345443726,
        0.08804935961961746
      ]
    ]
  },
  {
    "pose_idx": "001",
    "x_offset": 0.25,
    "z_rotation_deg": 300,
    "obj_pose": [
      [
        -0.6599951738935455,
        0.7511450203792857,
        0.01369411540156138,
        0.25
      ],
      [
        0.7512693681168556,
        0.6599055075426167,
        0.01091135391333463,
        0.0
      ],
      [
        -0.0008408130168171869,
        0.017489410348095622,
        -0.9998466950283662,
        0.037241182907778794
      ],
      [
        0.0,
        0.0,
        0.0,
        1.0
      ]
    ],
    "qpos_list": [
      [
        0.9701328277587891,
        0.7357494831085205,
        -1.3839764595031738,
        -1.2025947570800781,
        1.7944841384887695,
        -0.14056524634361267,
        -0.12155067920684814,
        0.9108029007911682,
        0.36097586154937744,
        0.14977388083934784,
        -0.10721883922815323,
        0.7395205497741699,
        0.26410558819770813,
        0.4563847780227661,
        0.32316499948501587,
        1.2734696865081787,
        0.014912421815097332,
        -0.042852651327848434,
        1.2822999954223633,
        0.22475002706050873,
        0.5431087613105774,
        0.22132979333400726
      ]
    ]
  },
  {
    "pose_idx": "001",
    "x_offset": 0.25,
    "z_rotation_deg": 330,
    "obj_pose": [
      [
        -0.9472072710253661,
        0.32055791580333354,
        0.006403774863440589,
        0.25
      ],
      [
        0.32062077092750785,
        0.9470674438188121,
        0.016296567379411223,
        0.0
      ],
      [
        -0.0008408130168171869,
        0.017489410348095622,
        -0.9998466950283662,
        0.037241182907778794
      ],
      [
        0.0,
        0.0,
        0.0,
        1.0
      ]
    ],
    "qpos_list": [
      [
        1.3704386949539185,
        0.45797640085220337,
        -0.900822103023529,
        -1.280491590499878,
        1.6672449111938477,
        0.0348556749522686,
        -0.12155067920684814,
        0.9108029007911682,
        0.36097586154937744,
        0.14977388083934784,
        -0.10721883922815323,
        0.7395205497741699,
        0.26410558819770813,
        0.4563847780227661,
        0.32316499948501587,
        1.2734696865081787,
        0.014912421815097332,
        -0.042852651327848434,
        1.2822999954223633,
        0.22475002706050873,
        0.5431087613105774,
        0.22132979333400726
      ]
    ]
  },
  {
    "pose_idx": "001",
    "x_offset": 0.3,
    "z_rotation_deg": 0,
    "obj_pose": [
      [
        -0.9806159448210527,
        -0.19592242343952657,
        -0.002602451977849846,
        0.3
      ],
      [
        -0.19593790290851057,
        0.9804634233459496,
        0.01731512877677521,
        0.0
      ],
      [
        -0.0008408130168171869,
        0.017489410348095622,
        -0.9998466950283662,
        0.037241182907778794
      ],
      [
        0.0,
        0.0,
        0.0,
        1.0
      ]
    ],
    "qpos_list": [
      [
        -0.7043179869651794,
        0.043309759348630905,
        -0.005937343928962946,
        -1.3897874355316162,
        -1.194076418876648,
        -1.971988558769226,
        -0.3772140145301819,
        1.4262220859527588,
        0.9950416088104248,
        -0.042294856160879135,
        -0.009598269127309322,
        0.7701215744018555,
        0.1526746153831482,
        0.08515401929616928,
        0.0926622748374939,
        1.1232376098632812,
        0.10613599419593811,
        -0.035035207867622375,
        1.002724051475525,
        0.03275600075721741,
        0.42371076345443726,
        0.08804935961961746
      ]
    ]
  },
  {
    "pose_idx": "001",
    "x_offset": 0.3,
    "z_rotation_deg": 30,
    "obj_pose": [
      [
        -0.7512693681168557,
        -0.6599055075426166,
        -0.010911353913334627,
        0.3
      ],
      [
        -0.6599951738935453,
        0.7511450203792858,
        0.013694115401561383,
        0.0
      ],
      [
        -0.0008408130168171869,
        0.017489410348095622,
        -0.9998466950283662,
        0.037241182907778794
      ],
      [
        0.0,
        0.0,
        0.0,
        1.0
      ]
    ],
    "qpos_list": [
      [
        -0.6558946967124939,
        -0.5400888919830322,
        -0.16981826722621918,
        1.0930376052856445,
        1.4708309173583984,
        -4.400035858154297,
        -0.3772140145301819,
        1.4262220859527588,
        0.9950416088104248,
        -0.042294856160879135,
        -0.009598269127309322,
        0.7701215744018555,
        0.1526746153831482,
        0.08515401929616928,
        0.0926622748374939,
        1.1232376098632812,
        0.10613599419593811,
        -0.035035207867622375,
        1.002724051475525,
        0.03275600075721741,
        0.42371076345443726,
        0.08804935961961746
      ]
    ]
  },
  {
    "pose_idx": "001",
    "x_offset": 0.3,
    "z_rotation_deg": 270,
    "obj_pose": [
      [
        -0.1959379029085104,
        0.9804634233459496,
        0.01731512877677521,
        0.3
      ],
      [
        0.9806159448210527,
        0.1959224234395264,
        0.0026024519778498427,
        0.0
      ],
      [
        -0.0008408130168171869,
        0.017489410348095622,
        -0.9998466950283662,
        0.037241182907778794
      ],
      [
        0.0,
        0.0,
        0.0,
        1.0
      ]
    ],
    "qpos_list": [
      [
        0.7429631352424622,
        0.34779736399650574,
        -0.6164287328720093,
        1.7180930376052856,
        -1.2132831811904907,
        -2.2193422317504883,
        -0.3772140145301819,
        1.4262220859527588,
        0.9950416088104248,
        -0.042294856160879135,
        -0.009598269127309322,
        0.7701215744018555,
        0.1526746153831482,
        0.08515401929616928,
        0.0926622748374939,
        1.1232376098632812,
        0.10613599419593811,
        -0.035035207867622375,
        1.002724051475525,
        0.03275600075721741,
        0.42371076345443726,
        0.08804935961961746
      ]
    ]
  },
  {
    "pose_idx": "001",
    "x_offset": 0.3,
    "z_rotation_deg": 300,
    "obj_pose": [
      [
        -0.6599951738935455,
        0.7511450203792857,
        0.01369411540156138,
        0.3
      ],
      [
        0.7512693681168556,
        0.6599055075426167,
        0.01091135391333463,
        0.0
      ],
      [
        -0.0008408130168171869,
        0.017489410348095622,
        -0.9998466950283662,
        0.037241182907778794
      ],
      [
        0.0,
        0.0,
        0.0,
        1.0
      ]
    ],
    "qpos_list": [
      [
        0.8057458400726318,
        0.12867142260074615,
        -0.17545777559280396,
        1.1705573797225952,
        -1.1689813137054443,
        -1.978813648223877,
        -0.3772140145301819,
        1.4262220859527588,
        0.9950416088104248,
        -0.042294856160879135,
        -0.009598269127309322,
        0.7701215744018555,
        0.1526746153831482,
        0.08515401929616928,
        0.0926622748374939,
        1.1232376098632812,
        0.10613599419593811,
        -0.035035207867622375,
        1.002724051475525,
        0.03275600075721741,
        0.42371076345443726,
        0.08804935961961746
      ],
      [
        0.8951236009597778,
        0.8158475160598755,
        -1.5215680599212646,
        -1.2759969234466553,
        1.768754243850708,
        -0.2117651104927063,
        -0.12155067920684814,
        0.9108029007911682,
        0.36097586154937744,
        0.14977388083934784,
        -0.10721883922815323,
        0.7395205497741699,
        0.26410558819770813,
        0.4563847780227661,
        0.32316499948501587,
        1.2734696865081787,
        0.014912421815097332,
        -0.042852651327848434,
        1.2822999954223633,
        0.22475002706050873,
        0.5431087613105774,
        0.22132979333400726
      ]
    ]
  },
  {
    "pose_idx": "001",
    "x_offset": 0.3,
    "z_rotation_deg": 330,
    "obj_pose": [
      [
        -0.9472072710253661,
        0.32055791580333354,
        0.006403774863440589,
        0.3
      ],
      [
        0.32062077092750785,
        0.9470674438188121,
        0.016296567379411223,
        0.0
      ],
      [
        -0.0008408130168171869,
        0.017489410348095622,
        -0.9998466950283662,
        0.037241182907778794
      ],
      [
        0.0,
        0.0,
        0.0,
        1.0
      ]
    ],
    "qpos_list": [
      [
        0.20289993286132812,
        -0.8129767179489136,
        -0.07211542874574661,
        3.2234222888946533,
        0.30336207151412964,
        -5.142210006713867,
        -0.3772140145301819,
        1.4262220859527588,
        0.9950416088104248,
        -0.042294856160879135,
        -0.009598269127309322,
        0.7701215744018555,
        0.1526746153831482,
        0.08515401929616928,
        0.0926622748374939,
        1.1232376098632812,
        0.10613599419593811,
        -0.035035207867622375,
        1.002724051475525,
        0.03275600075721741,
        0.42371076345443726,
        0.08804935961961746
      ],
      [
        1.2496922016143799,
        0.4849092364311218,
        -0.9452152848243713,
        4.8918914794921875,
        1.6200765371322632,
        0.005585437174886465,
        -0.12155067920684814,
        0.9108029007911682,
        0.36097586154937744,
        0.14977388083934784,
        -0.10721883922815323,
        0.7395205497741699,
        0.26410558819770813,
        0.4563847780227661,
        0.32316499948501587,
        1.2734696865081787,
        0.014912421815097332,
        -0.042852651327848434,
        1.2822999954223633,
        0.22475002706050873,
        0.5431087613105774,
        0.22132979333400726
      ]
    ]
  },
  {
    "pose_idx": "001",
    "x_offset": 0.35,
    "z_rotation_deg": 0,
    "obj_pose": [
      [
        -0.9806159448210527,
        -0.19592242343952657,
        -0.002602451977849846,
        0.35
      ],
      [
        -0.19593790290851057,
        0.9804634233459496,
        0.01731512877677521,
        0.0
      ],
      [
        -0.0008408130168171869,
        0.017489410348095622,
        -0.9998466950283662,
        0.037241182907778794
      ],
      [
        0.0,
        0.0,
        0.0,
        1.0
      ]
    ],
    "qpos_list": [
      [
        -0.5261432528495789,
        0.11909598112106323,
        -0.15639668703079224,
        -1.2407608032226562,
        -1.1752684116363525,
        -1.8943055868148804,
        -0.3772140145301819,
        1.4262220859527588,
        0.9950416088104248,
        -0.042294856160879135,
        -0.009598269127309322,
        0.7701215744018555,
        0.1526746153831482,
        0.08515401929616928,
        0.0926622748374939,
        1.1232376098632812,
        0.10613599419593811,
        -0.035035207867622375,
        1.002724051475525,
        0.03275600075721741,
        0.42371076345443726,
        0.08804935961961746
      ],
      [
        1.5345567464828491,
        0.1600826531648636,
        -0.409938246011734,
        4.666823387145996,
        1.5229620933532715,
        0.20848706364631653,
        -0.12155067920684814,
        0.9108029007911682,
        0.36097586154937744,
        0.14977388083934784,
        -0.10721883922815323,
        0.7395205497741699,
        0.26410558819770813,
        0.4563847780227661,
        0.32316499948501587,
        1.2734696865081787,
        0.014912421815097332,
        -0.042852651327848434,
        1.2822999954223633,
        0.22475002706050873,
        0.5431087613105774,
        0.22132979333400726
      ]
    ]
  },
  {
    "pose_idx": "001",
    "x_offset": 0.35,
    "z_rotation_deg": 30,
    "obj_pose": [
      [
        -0.7512693681168557,
        -0.6599055075426166,
        -0.010911353913334627,
        0.35
      ],
      [
        -0.6599951738935453,
        0.7511450203792858,
        0.013694115401561383,
        0.0
      ],
      [
        -0.0008408130168171869,
        0.017489410348095622,
        -0.9998466950283662,
        0.037241182907778794
      ],
      [
        0.0,
        0.0,
        0.0,
        1.0
      ]
    ],
    "qpos_list": [
      [
        -0.5178476572036743,
        -0.35081836581230164,
        -0.30980029702186584,
        1.201372504234314,
        1.3710037469863892,
        -4.4090752601623535,
        -0.3772140145301819,
        1.4262220859527588,
        0.9950416088104248,
        -0.042294856160879135,
        -0.009598269127309322,
        0.7701215744018555,
        0.1526746153831482,
        0.08515401929616928,
        0.0926622748374939,
        1.1232376098632812,
        0.10613599419593811,
        -0.035035207867622375,
        1.002724051475525,
        0.03275600075721741,
        0.42371076345443726,
        0.08804935961961746
      ]
    ]
  },
  {
    "pose_idx": "001",
    "x_offset": 0.35,
    "z_rotation_deg": 270,
    "obj_pose": [
      [
        -0.1959379029085104,
        0.9804634233459496,
        0.01731512877677521,
        0.35
      ],
      [
        0.9806159448210527,
        0.1959224234395264,
        0.0026024519778498427,
        0.0
      ],
      [
        -0.0008408130168171869,
        0.017489410348095622,
        -0.9998466950283662,
        0.037241182907778794
      ],
      [
        0.0,
        0.0,
        0.0,
        1.0
      ]
    ],
    "qpos_list": [
      [
        0.645142138004303,
        0.4293301999568939,
        -0.7818942666053772,
        1.6583003997802734,
        -1.193400502204895,
        -2.3123128414154053,
        -0.3772140145301819,
        1.4262220859527588,
        0.9950416088104248,
        -0.042294856160879135,
        -0.009598269127309322,
        0.7701215744018555,
        0.1526746153831482,
        0.08515401929616928,
        0.0926622748374939,
        1.1232376098632812,
        0.10613599419593811,
        -0.035035207867622375,
        1.002724051475525,
        0.03275600075721741,
        0.42371076345443726,
        0.08804935961961746
      ]
    ]
  },
  {
    "pose_idx": "001",
    "x_offset": 0.35,
    "z_rotation_deg": 300,
    "obj_pose": [
      [
        -0.6599951738935455,
        0.7511450203792857,
        0.01369411540156138,
        0.35
      ],
      [
        0.7512693681168556,
        0.6599055075426167,
        0.01091135391333463,
        0.0
      ],
      [
        -0.0008408130168171869,
        0.017489410348095622,
        -0.9998466950283662,
        0.037241182907778794
      ],
      [
        0.0,
        0.0,
        0.0,
        1.0
      ]
    ],
    "qpos_list": [
      [
        0.8277089595794678,
        0.9131478667259216,
        -1.6895997524261475,
        -1.3407812118530273,
        1.7431116104125977,
        -0.2932398319244385,
        -0.12155067920684814,
        0.9108029007911682,
        0.36097586154937744,
        0.14977388083934784,
        -0.10721883922815323,
        0.7395205497741699,
        0.26410558819770813,
        0.4563847780227661,
        0.32316499948501587,
        1.2734696865081787,
        0.014912421815097332,
        -0.042852651327848434,
        1.2822999954223633,
        0.22475002706050873,
        0.5431087613105774,
        0.22132979333400726
      ],
      [
        0.6522251963615417,
        0.1974535435438156,
        -0.3122905194759369,
        1.0422426462173462,
        -1.1275146007537842,
        -2.0392539501190186,
        -0.3772140145301819,
        1.4262220859527588,
        0.9950416088104248,
        -0.042294856160879135,
        -0.009598269127309322,
        0.7701215744018555,
        0.1526746153831482,
        0.08515401929616928,
        0.0926622748374939,
        1.1232376098632812,
        0.10613599419593811,
        -0.035035207867622375,
        1.002724051475525,
        0.03275600075721741,
        0.42371076345443726,
        0.08804935961961746
      ]
    ]
  },
  {
    "pose_idx": "001",
    "x_offset": 0.35,
    "z_rotation_deg": 330,
    "obj_pose": [
      [
        -0.9472072710253661,
        0.32055791580333354,
        0.006403774863440589,
        0.35
      ],
      [
        0.32062077092750785,
        0.9470674438188121,
        0.016296567379411223,
        0.0
      ],
      [
        -0.0008408130168171869,
        0.017489410348095622,
        -0.9998466950283662,
        0.037241182907778794
      ],
      [
        0.0,
        0.0,
        0.0,
        1.0
      ]
    ],
    "qpos_list": [
      [
        0.17801691591739655,
        0.053721632808446884,
        -0.026080574840307236,
        0.0014379204949364066,
        -1.2152490615844727,
        -1.9323068857192993,
        -0.3772140145301819,
        1.4262220859527588,
        0.9950416088104248,
        -0.042294856160879135,
        -0.009598269127309322,
        0.7701215744018555,
        0.1526746153831482,
        0.08515401929616928,
        0.0926622748374939,
        1.1232376098632812,
        0.10613599419593811,
        -0.035035207867622375,
        1.002724051475525,
        0.03275600075721741,
        0.42371076345443726,
        0.08804935961961746
      ],
      [
        1.1369585990905762,
        0.5245512127876282,
        -1.0121666193008423,
        4.790694236755371,
        1.5725761651992798,
        -0.028079882264137268,
        -0.12155067920684814,
        0.9108029007911682,
        0.36097586154937744,
        0.14977388083934784,
        -0.10721883922815323,
        0.7395205497741699,
        0.26410558819770813,
        0.4563847780227661,
        0.32316499948501587,
        1.2734696865081787,
        0.014912421815097332,
        -0.042852651327848434,
        1.2822999954223633,
        0.22475002706050873,
        0.5431087613105774,
        0.22132979333400726
      ]
    ]
  },
  {
    "pose_idx": "001",
    "x_offset": 0.4,
    "z_rotation_deg": 0,
    "obj_pose": [
      [
        -0.9806159448210527,
        -0.19592242343952657,
        -0.002602451977849846,
        0.4
      ],
      [
        -0.19593790290851057,
        0.9804634233459496,
        0.01731512877677521,
        0.0
      ],
      [
        -0.0008408130168171869,
        0.017489410348095622,
        -0.9998466950283662,
        0.037241182907778794
      ],
      [
        0.0,
        0.0,
        0.0,
        1.0
      ]
    ],
    "qpos_list": [
      [
        1.371140480041504,
        0.797199547290802,
        -0.6631640195846558,
        1.348740816116333,
        -1.56510329246521,
        -2.552551507949829,
        -0.12155067920684814,
        0.9108029007911682,
        0.36097586154937744,
        0.14977388083934784,
        -0.10721883922815323,
        0.7395205497741699,
        0.26410558819770813,
        0.4563847780227661,
        0.32316499948501587,
        1.2734696865081787,
        0.014912421815097332,
        -0.042852651327848434,
        1.2822999954223633,
        0.22475002706050873,
        0.5431087613105774,
        0.22132979333400726
      ],
      [
        -0.08638101816177368,
        -0.4056507647037506,
        -0.2660471498966217,
        1.9740341901779175,
        0.7949520349502563,
        -4.408808708190918,
        -0.3772140145301819,
        1.4262220859527588,
        0.9950416088104248,
        -0.042294856160879135,
        -0.009598269127309322,
        0.7701215744018555,
        0.1526746153831482,
        0.08515401929616928,
        0.0926622748374939,
        1.1232376098632812,
        0.10613599419593811,
        -0.035035207867622375,
        1.002724051475525,
        0.03275600075721741,
        0.42371076345443726,
        0.08804935961961746
      ]
    ]
  },
  {
    "pose_idx": "001",
    "x_offset": 0.4,
    "z_rotation_deg": 30,
    "obj_pose": [
      [
        -0.7512693681168557,
        -0.6599055075426166,
        -0.010911353913334627,
        0.4
      ],
      [
        -0.6599951738935453,
        0.7511450203792858,
        0.013694115401561383,
        0.0
      ],
      [
        -0.0008408130168171869,
        0.017489410348095622,
        -0.9998466950283662,
        0.037241182907778794
      ],
      [
        0.0,
        0.0,
        0.0,
        1.0
      ]
    ],
    "qpos_list": [
      [
        -0.5507939457893372,
        0.4101907014846802,
        -0.7404701709747314,
        4.3945770263671875,
        -1.2736419439315796,
        -1.5937621593475342,
        -0.3772140145301819,
        1.4262220859527588,
        0.9950416088104248,
        -0.042294856160879135,
        -0.009598269127309322,
        0.7701215744018555,
        0.1526746153831482,
        0.08515401929616928,
        0.0926622748374939,
        1.1232376098632812,
        0.10613599419593811,
        -0.035035207867622375,
        1.002724051475525,
        0.03275600075721741,
        0.42371076345443726,
        0.08804935961961746
      ]
    ]
  },
  {
    "pose_idx": "001",
    "x_offset": 0.4,
    "z_rotation_deg": 270,
    "obj_pose": [
      [
        -0.1959379029085104,
        0.9804634233459496,
        0.01731512877677521,
        0.4
      ],
      [
        0.9806159448210527,
        0.1959224234395264,
        0.0026024519778498427,
        0.0
      ],
      [
        -0.0008408130168171869,
        0.017489410348095622,
        -0.9998466950283662,
        0.037241182907778794
      ],
      [
        0.0,
        0.0,
        0.0,
        1.0
      ]
    ],
    "qpos_list": [
      [
        0.5690290927886963,
        0.5220769643783569,
        -0.9702880382537842,
        1.6280688047409058,
        -1.1707104444503784,
        -2.4176571369171143,
        -0.3772140145301819,
        1.4262220859527588,
        0.9950416088104248,
        -0.042294856160879135,
        -0.009598269127309322,
        0.7701215744018555,
        0.1526746153831482,
        0.08515401929616928,
        0.0926622748374939,
        1.1232376098632812,
        0.10613599419593811,
        -0.035035207867622375,
        1.002724051475525,
        0.03275600075721741,
        0.42371076345443726,
        0.08804935961961746
      ]
    ]
  },
  {
    "pose_idx": "001",
    "x_offset": 0.4,
    "z_rotation_deg": 300,
    "obj_pose": [
      [
        -0.6599951738935455,
        0.7511450203792857,
        0.01369411540156138,
        0.4
      ],
      [
        0.7512693681168556,
        0.6599055075426167,
        0.01091135391333463,
        0.0
      ],
      [
        -0.0008408130168171869,
        0.017489410348095622,
        -0.9998466950283662,
        0.037241182907778794
      ],
      [
        0.0,
        0.0,
        0.0,
        1.0
      ]
    ],
    "qpos_list": [
      [
        0.7673349380493164,
        1.0357487201690674,
        -1.901808261871338,
        -1.3975272178649902,
        1.7177236080169678,
        -0.3910967707633972,
        -0.12155067920684814,
        0.9108029007911682,
        0.36097586154937744,
        0.14977388083934784,
        -0.10721883922815323,
        0.7395205497741699,
        0.26410558819770813,
        0.4563847780227661,
        0.32316499948501587,
        1.2734696865081787,
        0.014912421815097332,
        -0.042852651327848434,
        1.2822999954223633,
        0.22475002706050873,
        0.5431087613105774,
        0.22132979333400726
      ],
      [
        0.5481753349304199,
        0.2749108672142029,
        -0.4657295346260071,
        0.9675646424293518,
        -1.07344651222229,
        -2.101560115814209,
        -0.3772140145301819,
        1.4262220859527588,
        0.9950416088104248,
        -0.042294856160879135,
        -0.009598269127309322,
        0.7701215744018555,
        0.1526746153831482,
        0.08515401929616928,
        0.0926622748374939,
        1.1232376098632812,
        0.10613599419593811,
        -0.035035207867622375,
        1.002724051475525,
        0.03275600075721741,
        0.42371076345443726,
        0.08804935961961746
      ]
    ]
  },
  {
    "pose_idx": "001",
    "x_offset": 0.4,
    "z_rotation_deg": 330,
    "obj_pose": [
      [
        -0.9472072710253661,
        0.32055791580333354,
        0.006403774863440589,
        0.4
      ],
      [
        0.32062077092750785,
        0.9470674438188121,
        0.016296567379411223,
        0.0
      ],
      [
        -0.0008408130168171869,
        0.017489410348095622,
        -0.9998466950283662,
        0.037241182907778794
      ],
      [
        0.0,
        0.0,
        0.0,
        1.0
      ]
    ],
    "qpos_list": [
      [
        1.0338411331176758,
        0.5763297080993652,
        -1.100908875465393,
        -1.5818471908569336,
        1.5238639116287231,
        -0.06666211038827896,
        -0.12155067920684814,
        0.9108029007911682,
        0.36097586154937744,
        0.14977388083934784,
        -0.10721883922815323,
        0.7395205497741699,
        0.26410558819770813,
        0.4563847780227661,
        0.32316499948501587,
        1.2734696865081787,
        0.014912421815097332,
        -0.042852651327848434,
        1.2822999954223633,
        0.22475002706050873,
        0.5431087613105774,
        0.22132979333400726
      ],
      [
        0.1293269395828247,
        0.13435587286949158,
        -0.18579258024692535,
        -0.04831328243017197,
        -1.1362230777740479,
        -1.9296735525131226,
        -0.3772140145301819,
        1.4262220859527588,
        0.9950416088104248,
        -0.042294856160879135,
        -0.009598269127309322,
        0.7701215744018555,
        0.1526746153831482,
        0.08515401929616928,
        0.0926622748374939,
        1.1232376098632812,
        0.10613599419593811,
        -0.035035207867622375,
        1.002724051475525,
        0.03275600075721741,
        0.42371076345443726,
        0.08804935961961746
      ]
    ]
  },
  {
    "pose_idx": "001",
    "x_offset": 0.45,
    "z_rotation_deg": 0,
    "obj_pose": [
      [
        -0.9806159448210527,
        -0.19592242343952657,
        -0.002602451977849846,
        0.45
      ],
      [
        -0.19593790290851057,
        0.9804634233459496,
        0.01731512877677521,
        0.0
      ],
      [
        -0.0008408130168171869,
        0.017489410348095622,
        -0.9998466950283662,
        0.037241182907778794
      ],
      [
        0.0,
        0.0,
        0.0,
        1.0
      ]
    ],
    "qpos_list": [
      [
        1.1689269542694092,
        0.2068593055009842,
        -0.48564350605010986,
        4.314281940460205,
        1.4240078926086426,
        0.20160923898220062,
        -0.12155067920684814,
        0.9108029007911682,
        0.36097586154937744,
        0.14977388083934784,
        -0.10721883922815323,
        0.7395205497741699,
        0.26410558819770813,
        0.4563847780227661,
        0.32316499948501587,
        1.2734696865081787,
        0.014912421815097332,
        -0.042852651327848434,
        1.2822999954223633,
        0.22475002706050873,
        0.5431087613105774,
        0.22132979333400726
      ],
      [
        -0.3589373528957367,
        0.2907654345035553,
        -0.49922704696655273,
        -1.1448297500610352,
        -1.09306001663208,
        -1.7277425527572632,
        -0.3772140145301819,
        1.4262220859527588,
        0.9950416088104248,
        -0.042294856160879135,
        -0.009598269127309322,
        0.7701215744018555,
        0.1526746153831482,
        0.08515401929616928,
        0.0926622748374939,
        1.1232376098632812,
        0.10613599419593811,
        -0.035035207867622375,
        1.002724051475525,
        0.03275600075721741,
        0.42371076345443726,
        0.08804935961961746
      ]
    ]
  },
  {
    "pose_idx": "001",
    "x_offset": 0.45,
    "z_rotation_deg": 30,
    "obj_pose": [
      [
        -0.7512693681168557,
        -0.6599055075426166,
        -0.010911353913334627,
        0.45
      ],
      [
        -0.6599951738935453,
        0.7511450203792858,
        0.013694115401561383,
        0.0
      ],
      [
        -0.0008408130168171869,
        0.017489410348095622,
        -0.9998466950283662,
        0.037241182907778794
      ],
      [
        0.0,
        0.0,
        0.0,
        1.0
      ]
    ],
    "qpos_list": [
      [
        -0.36125636100769043,
        -0.03576403483748436,
        -0.618467390537262,
        1.3196009397506714,
        1.2779752016067505,
        -4.385233402252197,
        -0.3772140145301819,
        1.4262220859527588,
        0.9950416088104248,
        -0.042294856160879135,
        -0.009598269127309322,
        0.7701215744018555,
        0.1526746153831482,
        0.08515401929616928,
        0.0926622748374939,
        1.1232376098632812,
        0.10613599419593811,
        -0.035035207867622375,
        1.002724051475525,
        0.03275600075721741,
        0.42371076345443726,
        0.08804935961961746
      ]
    ]
  },
  {
    "pose_idx": "001",
    "x_offset": 0.45,
    "z_rotation_deg": 60,
    "obj_pose": [
      [
        -0.3206207709275075,
        -0.9470674438188122,
        -0.016296567379411226,
        0.45
      ],
      [
        -0.9472072710253663,
        0.32055791580333315,
        0.006403774863440583,
        0.0
      ],
      [
        -0.0008408130168171869,
        0.017489410348095622,
        -0.9998466950283662,
        0.037241182907778794
      ],
      [
        0.0,
        0.0,
        0.0,
        1.0
      ]
    ],
    "qpos_list": [
      [
        -1.356990098953247,
        -0.08988821506500244,
        -0.06410712748765945,
        0.7200014591217041,
        1.6517266035079956,
        0.5595872402191162,
        -0.12155067920684814,
        0.9108029007911682,
        0.36097586154937744,
        0.14977388083934784,
        -0.10721883922815323,
        0.7395205497741699,
        0.26410558819770813,
        0.4563847780227661,
        0.32316499948501587,
        1.2734696865081787,
        0.014912421815097332,
        -0.042852651327848434,
        1.2822999954223633,
        0.22475002706050873,
        0.5431087613105774,
        0.22132979333400726
      ]
    ]
  },
  {
    "pose_idx": "001",
    "x_offset": 0.45,
    "z_rotation_deg": 270,
    "obj_pose": [
      [
        -0.1959379029085104,
        0.9804634233459496,
        0.01731512877677521,
        0.45
      ],
      [
        0.9806159448210527,
        0.1959224234395264,
        0.0026024519778498427,
        0.0
      ],
      [
        -0.0008408130168171869,
        0.017489410348095622,
        -0.9998466950283662,
        0.037241182907778794
      ],
      [
        0.0,
        0.0,
        0.0,
        1.0
      ]
    ],
    "qpos_list": [
      [
        0.5084558129310608,
        0.6279147267341614,
        -1.1858770847320557,
        1.6235027313232422,
        -1.1475154161453247,
        -2.5389342308044434,
        -0.3772140145301819,
        1.4262220859527588,
        0.9950416088104248,
        -0.042294856160879135,
        -0.009598269127309322,
        0.7701215744018555,
        0.1526746153831482,
        0.08515401929616928,
        0.0926622748374939,
        1.1232376098632812,
        0.10613599419593811,
        -0.035035207867622375,
        1.002724051475525,
        0.03275600075721741,
        0.42371076345443726,
        0.08804935961961746
      ]
    ]
  },
  {
    "pose_idx": "001",
    "x_offset": 0.45,
    "z_rotation_deg": 300,
    "obj_pose": [
      [
        -0.6599951738935455,
        0.7511450203792857,
        0.01369411540156138,
        0.45
      ],
      [
        0.7512693681168556,
        0.6599055075426167,
        0.01091135391333463,
        0.0
      ],
      [
        -0.0008408130168171869,
        0.017489410348095622,
        -0.9998466950283662,
        0.037241182907778794
      ],
      [
        0.0,
        0.0,
        0.0,
        1.0
      ]
    ],
    "qpos_list": [
      [
        0.4748462736606598,
        0.35970619320869446,
        -0.633385956287384,
        0.9297142028808594,
        -1.0114407539367676,
        -2.1680784225463867,
        -0.3772140145301819,
        1.4262220859527588,
        0.9950416088104248,
        -0.042294856160879135,
        -0.009598269127309322,
        0.7701215744018555,
        0.1526746153831482,
        0.08515401929616928,
        0.0926622748374939,
        1.1232376098632812,
        0.10613599419593811,
        -0.035035207867622375,
        1.002724051475525,
        0.03275600075721741,
        0.42371076345443726,
        0.08804935961961746
      ],
      [
        0.7134398221969604,
        1.208815336227417,
        -2.200840473175049,
        -1.4476405382156372,
