[
  {
    "pose_idx": "014",
    "x_offset": 0.2,
    "z_rotation_deg": 30,
    "obj_pose": [
      [
        0.7718619454520593,
        -0.5597047850950981,
        0.3015952431730519,
        0.2
      ],
      [
        0.6356399468279674,
        0.6690210544333557,
        -0.38519175318459203,
        0.0
      ],
      [
        0.013820099836866617,
        0.4890208403192353,
        0.8721626124605251,
        0.04572511500066067
      ],
      [
        0.0,
        0.0,
        0.0,
        1.0
      ]
    ],
    "qpos_list": [
      [
        -1.2870128154754639,
        -0.1540936827659607,
        -0.430101603269577,
        3.989941358566284,
        -0.8513099551200867,
        0.17943762242794037,
        0.0942658931016922,
        0.9314671754837036,
        0.1520390808582306,
        -0.0424078032374382,
        0.21002303063869476,
        1.2161778211593628,
        0.5260729193687439,
        0.24356284737586975,
        0.02191115915775299,
        1.4290337562561035,
        0.3479361832141876,
        -0.04235440865159035,
        1.282175898551941,
        0.4535641372203827,
        0.8833396434783936,
        0.2774240970611572
      ]
    ]
  },
  {
    "pose_idx": "014",
    "x_offset": 0.2,
    "z_rotation_deg": 60,
    "obj_pose": [
      [
        0.35063207956197834,
        -0.8192290897287426,
        0.45378501884070427,
        0.2
      ],
      [
        0.9364113143392393,
        0.2995368362583888,
        -0.18278822199959618,
        0.0
      ],
      [
        0.013820099836866617,
        0.4890208403192353,
        0.8721626124605251,
        0.04572511500066067
      ],
      [
        0.0,
        0.0,
        0.0,
        1.0
      ]
    ],
    "qpos_list": [
      [
        -0.7213268876075745,
        -0.45297423005104065,
        -0.3516252934932709,
        0.7455846071243286,
        0.9866654276847839,
        -2.740187883377075,
        0.0942658931016922,
        0.9314671754837036,
        0.1520390808582306,
        -0.0424078032374382,
        0.21002303063869476,
        1.2161778211593628,
        0.5260729193687439,
        0.24356284737586975,
        0.02191115915775299,
        1.4290337562561035,
        0.3479361832141876,
        -0.04235440865159035,
        1.282175898551941,
        0.4535641372203827,
        0.8833396434783936,
        0.2774240970611572
      ]
    ]
  },
  {
    "pose_idx": "014",
    "x_offset": 0.25,
    "z_rotation_deg": 0,
    "obj_pose": [
      [
        0.9862720263899457,
        -0.15020803529538698,
        0.06859326565611228,
        0.25
      ],
      [
        0.16454936888718005,
        0.8592416213534868,
        -0.4843834651726481,
        0.0
      ],
      [
        0.013820099836866617,
        0.4890208403192353,
        0.8721626124605251,
        0.04572511500066067
      ],
      [
        0.0,
        0.0,
        0.0,
        1.0
      ]
    ],
    "qpos_list": [
      [
        -1.3954799175262451,
        -0.562091588973999,
        -0.14463083446025848,
        -2.208526134490967,
        -0.7318074107170105,
        -5.75166654586792,
        0.0942658931016922,
        0.9314671754837036,
        0.1520390808582306,
        -0.0424078032374382,
        0.21002303063869476,
        1.2161778211593628,
        0.5260729193687439,
        0.24356284737586975,
        0.02191115915775299,
        1.4290337562561035,
        0.3479361832141876,
        -0.04235440865159035,
        1.282175898551941,
        0.4535641372203827,
        0.8833396434783936,
        0.2774240970611572
      ]
    ]
  },
  {
    "pose_idx": "014",
    "x_offset": 0.25,
    "z_rotation_deg": 30,
    "obj_pose": [
      [
        0.7718619454520593,
        -0.5597047850950981,
        0.3015952431730519,
        0.25
      ],
      [
        0.6356399468279674,
        0.6690210544333557,
        -0.38519175318459203,
        0.0
      ],
      [
        0.013820099836866617,
        0.4890208403192353,
        0.8721626124605251,
        0.04572511500066067
      ],
      [
        0.0,
        0.0,
        0.0,
        1.0
      ]
    ],
    "qpos_list": [
      [
        -0.7302483320236206,
        -0.6880834102630615,
        -0.15053236484527588,
        0.8522591590881348,
        0.7375126481056213,
        -2.364511251449585,
        0.0942658931016922,
        0.9314671754837036,
        0.1520390808582306,
        -0.0424078032374382,
        0.21002303063869476,
        1.2161778211593628,
        0.5260729193687439,
        0.24356284737586975,
        0.02191115915775299,
        1.4290337562561035,
        0.3479361832141876,
        -0.04235440865159035,
        1.282175898551941,
        0.4535641372203827,
        0.8833396434783936,
        0.2774240970611572
      ]
    ]
  },
  {
    "pose_idx": "014",
    "x_offset": 0.25,
    "z_rotation_deg": 60,
    "obj_pose": [
      [
        0.35063207956197834,
        -0.8192290897287426,
        0.45378501884070427,
        0.25
      ],
      [
        0.9364113143392393,
        0.2995368362583888,
        -0.18278822199959618,
        0.0
      ],
      [
        0.013820099836866617,
        0.4890208403192353,
        0.8721626124605251,
        0.04572511500066067
      ],
      [
        0.0,
        0.0,
        0.0,
        1.0
      ]
    ],
    "qpos_list": [
      [
        -0.8032166361808777,
        0.22201721370220184,
        -0.903841495513916,
        -2.3692164421081543,
        -0.9356834292411804,
        0.24932660162448883,
        0.0942658931016922,
        0.9314671754837036,
        0.1520390808582306,
        -0.0424078032374382,
        0.21002303063869476,
        1.2161778211593628,
        0.5260729193687439,
        0.24356284737586975,
        0.02191115915775299,
        1.4290337562561035,
        0.3479361832141876,
        -0.04235440865159035,
        1.282175898551941,
        0.4535641372203827,
        0.8833396434783936,
        0.2774240970611572
      ]
    ]
  },
  {
    "pose_idx": "014",
    "x_offset": 0.3,
    "z_rotation_deg": 0,
    "obj_pose": [
      [
        0.9862720263899457,
        -0.15020803529538698,
        0.06859326565611228,
        0.3
      ],
      [
        0.16454936888718005,
        0.8592416213534868,
        -0.4843834651726481,
        0.0
      ],
      [
        0.013820099836866617,
        0.4890208403192353,
        0.8721626124605251,
        0.04572511500066067
      ],
      [
        0.0,
        0.0,
        0.0,
        1.0
      ]
    ],
    "qpos_list": [
      [
        -1.1045944690704346,
        -0.4692884087562561,
        -0.2296999990940094,
        4.168371200561523,
        -0.5713960528373718,
        0.6930825114250183,
        0.0942658931016922,
        0.9314671754837036,
        0.1520390808582306,
        -0.0424078032374382,
        0.21002303063869476,
        1.2161778211593628,
        0.5260729193687439,
        0.24356284737586975,
        0.02191115915775299,
        1.4290337562561035,
        0.3479361832141876,
        -0.04235440865159035,
        1.282175898551941,
        0.4535641372203827,
        0.8833396434783936,
        0.2774240970611572
      ]
    ]
  },
  {
    "pose_idx": "014",
    "x_offset": 0.3,
    "z_rotation_deg": 30,
    "obj_pose": [
      [
        0.7718619454520593,
        -0.5597047850950981,
        0.3015952431730519,
        0.3
      ],
      [
        0.6356399468279674,
        0.6690210544333557,
        -0.38519175318459203,
        0.0
      ],
      [
        0.013820099836866617,
        0.4890208403192353,
        0.8721626124605251,
        0.04572511500066067
      ],
      [
        0.0,
        0.0,
        0.0,
        1.0
      ]
    ],
    "qpos_list": [
      [
        -0.5717433094978333,
        -0.4867350161075592,
        -0.27380451560020447,
        0.9510273337364197,
        0.6000865697860718,
        -2.3493475914001465,
        0.0942658931016922,
        0.9314671754837036,
        0.1520390808582306,
        -0.0424078032374382,
        0.21002303063869476,
        1.2161778211593628,
        0.5260729193687439,
        0.24356284737586975,
        0.02191115915775299,
        1.4290337562561035,
        0.3479361832141876,
        -0.04235440865159035,
        1.282175898551941,
        0.4535641372203827,
        0.8833396434783936,
        0.2774240970611572
      ]
    ]
  },
  {
    "pose_idx": "014",
    "x_offset": 0.3,
    "z_rotation_deg": 60,
    "obj_pose": [
      [
        0.35063207956197834,
        -0.8192290897287426,
        0.45378501884070427,
        0.3
      ],
      [
        0.9364113143392393,
        0.2995368362583888,
        -0.18278822199959618,
        0.0
      ],
      [
        0.013820099836866617,
        0.4890208403192353,
        0.8721626124605251,
        0.04572511500066067
      ],
      [
        0.0,
        0.0,
        0.0,
        1.0
      ]
    ],
    "qpos_list": [
      [
        -0.5179458856582642,
        -0.1493220329284668,
        -0.6102026700973511,
        0.8377238512039185,
        0.853140115737915,
        -2.653867721557617,
        0.0942658931016922,
        0.9314671754837036,
        0.1520390808582306,
        -0.0424078032374382,
        0.21002303063869476,
        1.2161778211593628,
        0.5260729193687439,
        0.24356284737586975,
        0.02191115915775299,
        1.4290337562561035,
        0.3479361832141876,
        -0.04235440865159035,
        1.282175898551941,
        0.4535641372203827,
        0.8833396434783936,
        0.2774240970611572
      ]
    ]
  },
  {
    "pose_idx": "014",
    "x_offset": 0.35,
    "z_rotation_deg": 0,
    "obj_pose": [
      [
        0.9862720263899457,
        -0.15020803529538698,
        0.06859326565611228,
        0.35
      ],
      [
        0.16454936888718005,
        0.8592416213534868,
        -0.4843834651726481,
        0.0
      ],
      [
        0.013820099836866617,
        0.4890208403192353,
        0.8721626124605251,
        0.04572511500066067
      ],
      [
        0.0,
        0.0,
        0.0,
        1.0
      ]
    ],
    "qpos_list": [
      [
        -0.8884071707725525,
        -0.3428565561771393,
        -0.34585607051849365,
        -2.054286003112793,
        -0.44586730003356934,
        0.8141090273857117,
        0.0942658931016922,
        0.9314671754837036,
        0.1520390808582306,
        -0.0424078032374382,
        0.21002303063869476,
        1.2161778211593628,
        0.5260729193687439,
        0.24356284737586975,
        0.02191115915775299,
        1.4290337562561035,
        0.3479361832141876,
        -0.04235440865159035,
        1.282175898551941,
        0.4535641372203827,
        0.8833396434783936,
        0.2774240970611572
      ]
    ]
  },
  {
    "pose_idx": "014",
    "x_offset": 0.35,
    "z_rotation_deg": 30,
    "obj_pose": [
      [
        0.7718619454520593,
        -0.5597047850950981,
        0.3015952431730519,
        0.35
      ],
      [
        0.6356399468279674,
        0.6690210544333557,
        -0.38519175318459203,
        0.0
      ],
      [
        0.013820099836866617,
        0.4890208403192353,
        0.8721626124605251,
        0.04572511500066067
      ],
      [
        0.0,
        0.0,
        0.0,
        1.0
      ]
    ],
    "qpos_list": [
      [
        -0.8117884993553162,
        0.10216294974088669,
        -0.7779690027236938,
        -2.1581380367279053,
        -0.682826817035675,
        0.5262668132781982,
        0.0942658931016922,
        0.9314671754837036,
        0.1520390808582306,
        -0.0424078032374382,
        0.21002303063869476,
        1.2161778211593628,
        0.5260729193687439,
        0.24356284737586975,
        0.02191115915775299,
        1.4290337562561035,
        0.3479361832141876,
        -0.04235440865159035,
        1.282175898551941,
        0.4535641372203827,
        0.8833396434783936,
        0.2774240970611572
      ]
    ]
  },
  {
    "pose_idx": "014",
    "x_offset": 0.35,
    "z_rotation_deg": 60,
    "obj_pose": [
      [
        0.35063207956197834,
        -0.8192290897287426,
        0.45378501884070427,
        0.35
      ],
      [
        0.9364113143392393,
        0.2995368362583888,
        -0.18278822199959618,
        0.0
      ],
      [
        0.013820099836866617,
        0.4890208403192353,
        0.8721626124605251,
        0.04572511500066067
      ],
      [
        0.0,
        0.0,
        0.0,
        1.0
      ]
    ],
    "qpos_list": [
      [
        -0.4533798098564148,
        -0.008054286241531372,
        -0.7598969340324402,
        0.8520985245704651,
        0.8253318667411804,
        -2.6055665016174316,
        0.0942658931016922,
        0.9314671754837036,
        0.1520390808582306,
        -0.0424078032374382,
        0.21002303063869476,
        1.2161778211593628,
        0.5260729193687439,
        0.24356284737586975,
        0.02191115915775299,
        1.4290337562561035,
        0.3479361832141876,
        -0.04235440865159035,
        1.282175898551941,
        0.4535641372203827,
        0.8833396434783936,
        0.2774240970611572
      ]
    ]
  },
  {
    "pose_idx": "014",
    "x_offset": 0.35,
    "z_rotation_deg": 330,
    "obj_pose": [
      [
        0.9364113143392391,
        0.2995368362583891,
        -0.18278822199959638,
        0.35
      ],
      [
        -0.35063207956197867,
        0.8192290897287425,
        -0.45378501884070416,
        0.0
      ],
      [
        0.013820099836866617,
        0.4890208403192353,
        0.8721626124605251,
        0.04572511500066067
      ],
      [
        0.0,
        0.0,
        0.0,
        1.0
      ]
    ],
    "qpos_list": [
      [
        0.38084307312965393,
        -0.5450652837753296,
        -0.1741957813501358,
        2.164412021636963,
        -0.635884165763855,
        4.341628551483154,
        0.0942658931016922,
        0.9314671754837036,
        0.1520390808582306,
        -0.0424078032374382,
        0.21002303063869476,
        1.2161778211593628,
        0.5260729193687439,
        0.24356284737586975,
        0.02191115915775299,
        1.4290337562561035,
        0.3479361832141876,
        -0.04235440865159035,
        1.282175898551941,
        0.4535641372203827,
        0.8833396434783936,
        0.2774240970611572
      ]
    ]
  },
  {
    "pose_idx": "014",
    "x_offset": 0.4,
    "z_rotation_deg": 0,
    "obj_pose": [
      [
        0.9862720263899457,
        -0.15020803529538698,
        0.06859326565611228,
        0.4
      ],
      [
        0.16454936888718005,
        0.8592416213534868,
        -0.4843834651726481,
        0.0
      ],
      [
        0.013820099836866617,
        0.4890208403192353,
        0.8721626124605251,
        0.04572511500066067
      ],
      [
        0.0,
        0.0,
        0.0,
        1.0
      ]
    ],
    "qpos_list": [
      [
        -0.7248303294181824,
        -0.20336459577083588,
        -0.495726615190506,
        4.217456340789795,
        -0.3582252562046051,
        0.9631263613700867,
        0.0942658931016922,
        0.9314671754837036,
        0.1520390808582306,
        -0.0424078032374382,
        0.21002303063869476,
        1.2161778211593628,
        0.5260729193687439,
        0.24356284737586975,
        0.02191115915775299,
        1.4290337562561035,
        0.3479361832141876,
        -0.04235440865159035,
        1.282175898551941,
        0.4535641372203827,
        0.8833396434783936,
        0.2774240970611572
      ]
    ]
  },
  {
    "pose_idx": "014",
    "x_offset": 0.4,
    "z_rotation_deg": 30,
    "obj_pose": [
      [
        0.7718619454520593,
        -0.5597047850950981,
        0.3015952431730519,
        0.4
      ],
      [
        0.6356399468279674,
        0.6690210544333557,
        -0.38519175318459203,
        0.0
      ],
      [
        0.013820099836866617,
        0.4890208403192353,
        0.8721626124605251,
        0.04572511500066067
      ],
      [
        0.0,
        0.0,
        0.0,
        1.0
      ]
    ],
    "qpos_list": [
      [
        -0.704760730266571,
        0.21447688341140747,
        -0.9498602747917175,
        4.095193386077881,
        -0.6592954397201538,
        0.6684180498123169,
        0.0942658931016922,
        0.9314671754837036,
        0.1520390808582306,
        -0.0424078032374382,
        0.21002303063869476,
        1.2161778211593628,
        0.5260729193687439,
        0.24356284737586975,
        0.02191115915775299,
        1.4290337562561035,
        0.3479361832141876,
        -0.04235440865159035,
        1.282175898551941,
        0.4535641372203827,
        0.8833396434783936,
        0.2774240970611572
      ]
    ]
  },
  {
    "pose_idx": "014",
    "x_offset": 0.4,
    "z_rotation_deg": 60,
    "obj_pose": [
      [
        0.35063207956197834,
        -0.8192290897287426,
        0.45378501884070427,
        0.4
      ],
      [
        0.9364113143392393,
        0.2995368362583888,
        -0.18278822199959618,
        0.0
      ],
      [
        0.013820099836866617,
        0.4890208403192353,
        0.8721626124605251,
        0.04572511500066067
      ],
      [
        0.0,
        0.0,
        0.0,
        1.0
      ]
    ],
    "qpos_list": [
      [
        -0.5531536340713501,
        0.5863242149353027,
        -1.508252501487732,
        -2.401334047317505,
        -0.9864872097969055,
        0.6093176007270813,
        0.0942658931016922,
        0.9314671754837036,
        0.1520390808582306,
        -0.0424078032374382,
        0.21002303063869476,
        1.2161778211593628,
        0.5260729193687439,
        0.24356284737586975,
        0.02191115915775299,
        1.4290337562561035,
        0.3479361832141876,
        -0.04235440865159035,
        1.282175898551941,
        0.4535641372203827,
        0.8833396434783936,
        0.2774240970611572
      ]
    ]
  },
  {
    "pose_idx": "014",
    "x_offset": 0.4,
    "z_rotation_deg": 330,
    "obj_pose": [
      [
        0.9364113143392391,
        0.2995368362583891,
        -0.18278822199959638,
        0.4
      ],
      [
        -0.35063207956197867,
        0.8192290897287425,
        -0.45378501884070416,
        0.0
      ],
      [
        0.013820099836866617,
        0.4890208403192353,
        0.8721626124605251,
        0.04572511500066067
      ],
      [
        0.0,
        0.0,
        0.0,
        1.0
      ]
    ],
    "qpos_list": [
      [
        -0.25191786885261536,
        -0.8653058409690857,
        0.026950402185320854,
        5.56891393661499,
        0.3609526753425598,
        0.39544546604156494,
        0.0942658931016922,
        0.9314671754837036,
        0.1520390808582306,
        -0.0424078032374382,
        0.21002303063869476,
        1.2161778211593628,
        0.5260729193687439,
        0.24356284737586975,
        0.02191115915775299,
        1.4290337562561035,
        0.3479361832141876,
        -0.04235440865159035,
        1.282175898551941,
        0.4535641372203827,
        0.8833396434783936,
        0.2774240970611572
      ]
    ]
  },
  {
    "pose_idx": "014",
    "x_offset": 0.45,
    "z_rotation_deg": 0,
    "obj_pose": [
      [
        0.9862720263899457,
        -0.15020803529538698,
        0.06859326565611228,
        0.45
      ],
      [
        0.16454936888718005,
        0.8592416213534868,
        -0.4843834651726481,
        0.0
      ],
      [
        0.013820099836866617,
        0.4890208403192353,
        0.8721626124605251,
        0.04572511500066067
      ],
      [
        0.0,
        0.0,
        0.0,
        1.0
      ]
    ],
    "qpos_list": [
      [
        -0.5871267318725586,
        -0.05481264740228653,
        -0.6925975680351257,
        -2.2218897342681885,
        -0.30790430307388306,
        1.237223744392395,
        0.0942658931016922,
        0.9314671754837036,
        0.1520390808582306,
        -0.0424078032374382,
        0.21002303063869476,
        1.2161778211593628,
        0.5260729193687439,
        0.24356284737586975,
        0.02191115915775299,
        1.4290337562561035,
        0.3479361832141876,
        -0.04235440865159035,
        1.282175898551941,
        0.4535641372203827,
        0.8833396434783936,
        0.2774240970611572
      ]
    ]
  },
  {
    "pose_idx": "014",
    "x_offset": 0.45,
    "z_rotation_deg": 30,
    "obj_pose": [
      [
        0.7718619454520593,
        -0.5597047850950981,
        0.3015952431730519,
        0.45
      ],
      [
        0.6356399468279674,
        0.6690210544333557,
        -0.38519175318459203,
        0.0
      ],
      [
        0.013820099836866617,
        0.4890208403192353,
        0.8721626124605251,
        0.04572511500066067
      ],
      [
        0.0,
        0.0,
        0.0,
        1.0
      ]
    ],
    "qpos_list": [
      [
        -0.614691436290741,
        0.3375683128833771,
        -1.1501715183258057,
        4.030581474304199,
        -0.6558167934417725,
        0.8313732147216797,
        0.0942658931016922,
        0.9314671754837036,
        0.1520390808582306,
        -0.0424078032374382,
        0.21002303063869476,
        1.2161778211593628,
        0.5260729193687439,
        0.24356284737586975,
        0.02191115915775299,
        1.4290337562561035,
        0.3479361832141876,
        -0.04235440865159035,
        1.282175898551941,
        0.4535641372203827,
        0.8833396434783936,
        0.2774240970611572
      ]
    ]
  },
  {
    "pose_idx": "014",
    "x_offset": 0.45,
    "z_rotation_deg": 60,
    "obj_pose": [
      [
        0.35063207956197834,
        -0.8192290897287426,
        0.45378501884070427,
        0.45
      ],
      [
        0.9364113143392393,
        0.2995368362583888,
        -0.18278822199959618,
        0.0
      ],
      [
        0.013820099836866617,
        0.4890208403192353,
        0.8721626124605251,
        0.04572511500066067
      ],
      [
        0.0,
        0.0,
        0.0,
        1.0
      ]
    ],
    "qpos_list": [
      [
        -0.36666733026504517,
        0.265557199716568,
        -1.0984638929367065,
        0.8292383551597595,
        0.8222389221191406,
        -2.483057737350464,
        0.0942658931016922,
        0.9314671754837036,
        0.1520390808582306,
        -0.0424078032374382,
        0.21002303063869476,
        1.2161778211593628,
        0.5260729193687439,
        0.24356284737586975,
        0.02191115915775299,
        1.4290337562561035,
        0.3479361832141876,
        -0.04235440865159035,
        1.282175898551941,
        0.4535641372203827,
        0.8833396434783936,
        0.2774240970611572
      ]
    ]
  },
  {
    "pose_idx": "014",
    "x_offset": 0.45,
    "z_rotation_deg": 330,
    "obj_pose": [
      [
        0.9364113143392391,
        0.2995368362583891,
        -0.18278822199959638,
        0.45
      ],
      [
        -0.35063207956197867,
        0.8192290897287425,
        -0.45378501884070416,
        0.0
      ],
      [
        0.013820099836866617,
        0.4890208403192353,
        0.8721626124605251,
        0.04572511500066067
      ],
      [
        0.0,
        0.0,
        0.0,
        1.0
      ]
    ],
    "qpos_list": [
      [
        -0.26010745763778687,
        -0.5358759760856628,
        -0.18160133063793182,
        -0.9850813150405884,
        0.27606576681137085,
        -5.609217166900635,
        0.0942658931016922,
        0.9314671754837036,
        0.1520390808582306,
        -0.0424078032374382,
        0.21002303063869476,
        1.2161778211593628,
        0.5260729193687439,
        0.24356284737586975,
        0.02191115915775299,
        1.4290337562561035,
        0.3479361832141876,
        -0.04235440865159035,
        1.282175898551941,
        0.4535641372203827,
        0.8833396434783936,
        0.2774240970611572
      ]
    ]
  },
  {
    "pose_idx": "014",
    "x_offset": 0.5,
    "z_rotation_deg": 0,
    "obj_pose": [
      [
        0.9862720263899457,
        -0.15020803529538698,
        0.06859326565611228,
        0.5
      ],
      [
        0.16454936888718005,
        0.8592416213534868,
        -0.4843834651726481,
        0.0
      ],
      [
        0.013820099836866617,
        0.4890208403192353,
        0.8721626124605251,
        0.04572511500066067
      ],
      [
        0.0,
        0.0,
        0.0,
        1.0
      ]
    ],
    "qpos_list": [
      [
        -0.44984716176986694,
        0.09912072122097015,
        -0.9326956272125244,
        3.7399747371673584,
        -0.3026658892631531,
        1.675111174583435,
        0.0942658931016922,
        0.9314671754837036,
        0.1520390808582306,
        -0.0424078032374382,
        0.21002303063869476,
        1.2161778211593628,
        0.5260729193687439,
        0.24356284737586975,
        0.02191115915775299,
        1.4290337562561035,
        0.3479361832141876,
        -0.04235440865159035,
        1.282175898551941,
        0.4535641372203827,
        0.8833396434783936,
        0.2774240970611572
      ]
    ]
  },
  {
    "pose_idx": "014",
    "x_offset": 0.5,
    "z_rotation_deg": 30,
    "obj_pose": [
      [
        0.7718619454520593,
        -0.5597047850950981,
        0.3015952431730519,
        0.5
      ],
      [
        0.6356399468279674,
        0.6690210544333557,
        -0.38519175318459203,
        0.0
      ],
      [
        0.013820099836866617,
        0.4890208403192353,
        0.8721626124605251,
        0.04572511500066067
      ],
      [
        0.0,
        0.0,
        0.0,
        1.0
      ]
    ],
    "qpos_list": [
      [
        -0.30676037073135376,
        0.13898812234401703,
        -0.8810373544692993,
        0.9935583472251892,
        0.43996113538742065,
        -2.175218105316162,
        0.0942658931016922,
        0.9314671754837036,
        0.1520390808582306,
        -0.0424078032374382,
        0.21002303063869476,
        1.2161778211593628,
        0.5260729193687439,
        0.24356284737586975,
        0.02191115915775299,
        1.4290337562561035,
        0.3479361832141876,
        -0.04235440865159035,
        1.282175898551941,
        0.4535641372203827,
        0.8833396434783936,
        0.2774240970611572
      ]
    ]
  },
  {
    "pose_idx": "014",
    "x_offset": 0.5,
    "z_rotation_deg": 60,
    "obj_pose": [
      [
        0.35063207956197834,
        -0.8192290897287426,
        0.45378501884070427,
        0.5
      ],
      [
        0.9364113143392393,
        0.2995368362583888,
        -0.18278822199959618,
        0.0
      ],
      [
        0.013820099836866617,
        0.4890208403192353,
        0.8721626124605251,
        0.04572511500066067
      ],
      [
        0.0,
        0.0,
        0.0,
        1.0
      ]
    ],
    "qpos_list": [
      [
        -0.33728817105293274,
        0.40586256980895996,
        -1.2938342094421387,
        0.7981104254722595,
        0.8438861966133118,
        -2.4082939624786377,
        0.0942658931016922,
        0.9314671754837036,
        0.1520390808582306,
        -0.0424078032374382,
        0.21002303063869476,
        1.2161778211593628,
        0.5260729193687439,
        0.24356284737586975,
        0.02191115915775299,
        1.4290337562561035,
        0.3479361832141876,
        -0.04235440865159035,
        1.282175898551941,
        0.4535641372203827,
        0.8833396434783936,
        0.2774240970611572
      ]
    ]
  },
  {
    "pose_idx": "014",
    "x_offset": 0.5,
    "z_rotation_deg": 330,
    "obj_pose": [
      [
        0.9364113143392391,
        0.2995368362583891,
        -0.18278822199959638,
        0.5
      ],
      [
        -0.35063207956197867,
        0.8192290897287425,
        -0.45378501884070416,
        0.0
      ],
      [
        0.013820099836866617,
        0.4890208403192353,
        0.8721626124605251,
        0.04572511500066067
      ],
      [
        0.0,
        0.0,
        0.0,
        1.0
      ]
    ],
    "qpos_list": [
      [
        -0.22948628664016724,
        -0.3125447630882263,
        -0.37169522047042847,
        5.185754776000977,
        0.27617111802101135,
        0.8151358962059021,
        0.0942658931016922,
        0.9314671754837036,
        0.1520390808582306,
        -0.0424078032374382,
        0.21002303063869476,
        1.2161778211593628,
        0.5260729193687439,
        0.24356284737586975,
        0.02191115915775299,
        1.4290337562561035,
        0.3479361832141876,
        -0.04235440865159035,
        1.282175898551941,
        0.4535641372203827,
        0.8833396434783936,
        0.2774240970611572
      ]
    ]
  }
]