[
  {
    "pose_idx": "000",
    "x_offset": 0.2,
    "z_rotation_deg": 0,
    "obj_pose": [
      [
        0.37329699640724323,
        -0.5953366613315884,
        -0.7114939298039642,
        0.2
      ],
      [
        0.32052924594279353,
        0.8024711808141178,
        -0.5032901811660343,
        0.0
      ],
      [
        0.8705804701282214,
        -0.04017789986240161,
        0.49038289263999824,
        0.04957028762453639
      ],
      [
        0.0,
        0.0,
        0.0,
        1.0
      ]
    ],
    "qpos_list": [
      [
        0.088775634765625,
        -0.768304705619812,
        -0.14110106229782104,
        0.5427881479263306,
        0.5957334041595459,
        -2.5661964416503906,
        -0.004590705502778292,
        1.179742455482483,
        0.3171228766441345,
        0.23114922642707825,
        0.05749914422631264,
        1.0853970050811768,
        0.4433758854866028,
        0.3423151671886444,
        0.111060231924057,
        1.032099723815918,
        0.31922927498817444,
        0.1993158757686615,
        1.2207762002944946,
        0.247941255569458,
        0.5522394180297852,
        0.23467935621738434
      ],
      [
        -1.1055573225021362,
        -0.05353642255067825,
        -0.2554769814014435,
        -2.1503260135650635,
        -1.2990628480911255,
        -1.5030949115753174,
        0.09267973154783249,
        0.963596761226654,
        0.17545102536678314,
        0.04247025027871132,
        0.24119479954242706,
        0.9954368472099304,
        0.3132544755935669,
        0.18420812487602234,
        0.37534084916114807,
        1.1801766157150269,
        0.21967995166778564,
        -0.03989013656973839,
        1.282679796218872,
        0.15254080295562744,
        0.36822083592414856,
        0.1491619199514389
      ]
    ]
  },
  {
    "pose_idx": "000",
    "x_offset": 0.2,
    "z_rotation_deg": 60,
    "obj_pose": [
      [
        -0.09093797143870774,
        -0.9926287590557159,
        0.08011511746307595,
        0.2
      ],
      [
        0.4835493050164978,
        -0.11434108211030938,
        -0.8678169084316724,
        0.0
      ],
      [
        0.8705804701282214,
        -0.04017789986240161,
        0.49038289263999824,
        0.04957028762453639
      ],
      [
        0.0,
        0.0,
        0.0,
        1.0
      ]
    ],
    "qpos_list": [
      [
        1.4307526350021362,
        0.8460952639579773,
        -0.31978869438171387,
        2.227508544921875,
        -1.5504611730575562,
        -1.4245156049728394,
        0.18574891984462738,
        1.1613229513168335,
        0.5079649090766907,
        0.2819175124168396,
        0.21823222935199738,
        1.2870936393737793,
        0.29877158999443054,
        0.2570195496082306,
        0.37541911005973816,
        1.3254278898239136,
        0.6958156824111938,
        -0.03253021836280823,
        1.2715497016906738,
        0.04051174968481064,
        0.03555716574192047,
        0.2220277637243271
      ]
    ]
  },
  {
    "pose_idx": "000",
    "x_offset": 0.2,
    "z_rotation_deg": 150,
    "obj_pose": [
      [
        -0.48354930501649773,
        0.11434108211030962,
        0.8678169084316723,
        0.2
      ],
      [
        -0.09093797143870784,
        -0.9926287590557158,
        0.08011511746307612,
        0.0
      ],
      [
        0.8705804701282214,
        -0.04017789986240161,
        0.49038289263999824,
        0.04957028762453639
      ],
      [
        0.0,
        0.0,
        0.0,
        1.0
      ]
    ],
    "qpos_list": [
      [
        -1.5638264417648315,
        0.04070771485567093,
        -0.16701640188694,
        0.7745017409324646,
        1.9557452201843262,
        -4.902536869049072,
        0.18574891984462738,
        1.1613229513168335,
        0.5079649090766907,
        0.2819175124168396,
        0.21823222935199738,
        1.2870936393737793,
        0.29877158999443054,
        0.2570195496082306,
        0.37541911005973816,
        1.3254278898239136,
        0.6958156824111938,
        -0.03253021836280823,
        1.2715497016906738,
        0.04051174968481064,
        0.03555716574192047,
        0.2220277637243271
      ]
    ]
  },
  {
    "pose_idx": "000",
    "x_offset": 0.2,
    "z_rotation_deg": 240,
    "obj_pose": [
      [
        0.09093797143870753,
        0.9926287590557159,
        -0.08011511746307556,
        0.2
      ],
      [
        -0.4835493050164978,
        0.114341082110309,
        0.8678169084316724,
        0.0
      ],
      [
        0.8705804701282214,
        -0.04017789986240161,
        0.49038289263999824,
        0.04957028762453639
      ],
      [
        0.0,
        0.0,
        0.0,
        1.0
      ]
    ],
    "qpos_list": [
      [
        1.029355525970459,
        0.004463029559701681,
        -0.3271362781524658,
        2.2661962509155273,
        -1.3383934497833252,
        -2.057786226272583,
        0.09267973154783249,
        0.963596761226654,
        0.17545102536678314,
        0.04247025027871132,
        0.24119479954242706,
        0.9954368472099304,
        0.3132544755935669,
        0.18420812487602234,
        0.37534084916114807,
        1.1801766157150269,
        0.21967995166778564,
        -0.03989013656973839,
        1.282679796218872,
        0.15254080295562744,
        0.36822083592414856,
        0.1491619199514389
      ]
    ]
  },
  {
    "pose_idx": "000",
    "x_offset": 0.2,
    "z_rotation_deg": 270,
    "obj_pose": [
      [
        0.3205292459427935,
        0.802471180814118,
        -0.5032901811660342,
        0.2
      ],
      [
        -0.3732969964072433,
        0.5953366613315882,
        0.7114939298039643,
        0.0
      ],
      [
        0.8705804701282214,
        -0.04017789986240161,
        0.49038289263999824,
        0.04957028762453639
      ],
      [
        0.0,
        0.0,
        0.0,
        1.0
      ]
    ],
    "qpos_list": [
      [
        0.04948075860738754,
        -0.38409972190856934,
        -0.46949949860572815,
        2.505746603012085,
        -0.6227532625198364,
        -3.2900075912475586,
        -0.004590705502778292,
        1.179742455482483,
        0.3171228766441345,
        0.23114922642707825,
        0.05749914422631264,
        1.0853970050811768,
        0.4433758854866028,
        0.3423151671886444,
        0.111060231924057,
        1.032099723815918,
        0.31922927498817444,
        0.1993158757686615,
        1.2207762002944946,
        0.247941255569458,
        0.5522394180297852,
        0.23467935621738434
      ]
    ]
  },
  {
    "pose_idx": "000",
    "x_offset": 0.2,
    "z_rotation_deg": 300,
    "obj_pose": [
      [
        0.46423496784595103,
        0.3972920977241274,
        -0.7916090472670403,
        0.2
      ],
      [
        -0.16302005907370418,
        0.9168122629244274,
        0.36452672726563795,
        0.0
      ],
      [
        0.8705804701282214,
        -0.04017789986240161,
        0.49038289263999824,
        0.04957028762453639
      ],
      [
        0.0,
        0.0,
        0.0,
        1.0
      ]
    ],
    "qpos_list": [
      [
        -0.07914695888757706,
        -0.35422685742378235,
        -0.5721001029014587,
        2.9369726181030273,
        -0.46401292085647583,
        2.021956443786621,
        -0.004590705502778292,
        1.179742455482483,
        0.3171228766441345,
        0.23114922642707825,
        0.05749914422631264,
        1.0853970050811768,
        0.4433758854866028,
        0.3423151671886444,
        0.111060231924057,
        1.032099723815918,
        0.31922927498817444,
        0.1993158757686615,
        1.2207762002944946,
        0.247941255569458,
        0.5522394180297852,
        0.23467935621738434
      ]
    ]
  },
  {
    "pose_idx": "000",
    "x_offset": 0.2,
    "z_rotation_deg": 330,
    "obj_pose": [
      [
        0.4835493050164978,
        -0.114341082110309,
        -0.8678169084316724,
        0.2
      ],
      [
        0.09093797143870753,
        0.9926287590557159,
        -0.08011511746307556,
        0.0
      ],
      [
        0.8705804701282214,
        -0.04017789986240161,
        0.49038289263999824,
        0.04957028762453639
      ],
      [
        0.0,
        0.0,
        0.0,
        1.0
      ]
    ],
    "qpos_list": [
      [
        -0.24961264431476593,
        -0.2954762279987335,
        -0.5918228626251221,
        3.61051869392395,
        -0.5058373808860779,
        0.7973011136054993,
        -0.004590705502778292,
        1.179742455482483,
        0.3171228766441345,
        0.23114922642707825,
        0.05749914422631264,
        1.0853970050811768,
        0.4433758854866028,
        0.3423151671886444,
        0.111060231924057,
        1.032099723815918,
        0.31922927498817444,
        0.1993158757686615,
        1.2207762002944946,
        0.247941255569458,
        0.5522394180297852,
        0.23467935621738434
      ]
    ]
  },
  {
    "pose_idx": "000",
    "x_offset": 0.25,
    "z_rotation_deg": 0,
    "obj_pose": [
      [
        0.37329699640724323,
        -0.5953366613315884,
        -0.7114939298039642,
        0.25
      ],
      [
        0.32052924594279353,
        0.8024711808141178,
        -0.5032901811660343,
        0.0
      ],
      [
        0.8705804701282214,
        -0.04017789986240161,
        0.49038289263999824,
        0.04957028762453639
      ],
      [
        0.0,
        0.0,
        0.0,
        1.0
      ]
    ],
    "qpos_list": [
      [
        -0.7670832276344299,
        -0.80990070104599,
        -0.11897017061710358,
        1.142652153968811,
        1.4247794151306152,
        -3.9988081455230713,
        0.09267973154783249,
        0.963596761226654,
        0.17545102536678314,
        0.04247025027871132,
        0.24119479954242706,
        0.9954368472099304,
        0.3132544755935669,
        0.18420812487602234,
        0.37534084916114807,
        1.1801766157150269,
        0.21967995166778564,
        -0.03989013656973839,
        1.282679796218872,
        0.15254080295562744,
        0.36822083592414856,
        0.1491619199514389
      ],
      [
        0.09580482542514801,
        -0.5050651431083679,
        -0.30703026056289673,
        0.6272590160369873,
        0.5116379261016846,
        3.6232526302337646,
        -0.004590705502778292,
        1.179742455482483,
        0.3171228766441345,
        0.23114922642707825,
        0.05749914422631264,
        1.0853970050811768,
        0.4433758854866028,
        0.3423151671886444,
        0.111060231924057,
        1.032099723815918,
        0.31922927498817444,
        0.1993158757686615,
        1.2207762002944946,
        0.247941255569458,
        0.5522394180297852,
        0.23467935621738434
      ]
    ]
  },
  {
    "pose_idx": "000",
    "x_offset": 0.25,
    "z_rotation_deg": 60,
    "obj_pose": [
      [
        -0.09093797143870774,
        -0.9926287590557159,
        0.08011511746307595,
        0.25
      ],
      [
        0.4835493050164978,
        -0.11434108211030938,
        -0.8678169084316724,
        0.0
      ],
      [
        0.8705804701282214,
        -0.04017789986240161,
        0.49038289263999824,
        0.04957028762453639
      ],
      [
        0.0,
        0.0,
        0.0,
        1.0
      ]
    ],
    "qpos_list": [
      [
        1.2899466753005981,
        0.06122462823987007,
        -0.19656088948249817,
        -1.155793309211731,
        1.921207070350647,
        1.15915048122406,
        0.18574891984462738,
        1.1613229513168335,
        0.5079649090766907,
        0.2819175124168396,
        0.21823222935199738,
        1.2870936393737793,
        0.29877158999443054,
        0.2570195496082306,
        0.37541911005973816,
        1.3254278898239136,
        0.6958156824111938,
        -0.03253021836280823,
        1.2715497016906738,
        0.04051174968481064,
        0.03555716574192047,
        0.2220277637243271
      ]
    ]
  },
  {
    "pose_idx": "000",
    "x_offset": 0.25,
    "z_rotation_deg": 150,
    "obj_pose": [
      [
        -0.48354930501649773,
        0.11434108211030962,
        0.8678169084316723,
        0.25
      ],
      [
        -0.09093797143870784,
        -0.9926287590557158,
        0.08011511746307612,
        0.0
      ],
      [
        0.8705804701282214,
        -0.04017789986240161,
        0.49038289263999824,
        0.04957028762453639
      ],
      [
        0.0,
        0.0,
        0.0,
        1.0
      ]
    ],
    "qpos_list": [
      [
        -1.3057522773742676,
        0.05321614071726799,
        -0.18479275703430176,
        1.0400620698928833,
        1.932886004447937,
        -4.876222133636475,
        0.18574891984462738,
        1.1613229513168335,
        0.5079649090766907,
        0.2819175124168396,
        0.21823222935199738,
        1.2870936393737793,
        0.29877158999443054,
        0.2570195496082306,
        0.37541911005973816,
        1.3254278898239136,
        0.6958156824111938,
        -0.03253021836280823,
        1.2715497016906738,
        0.04051174968481064,
        0.03555716574192047,
        0.2220277637243271
      ]
    ]
  },
  {
    "pose_idx": "000",
    "x_offset": 0.25,
    "z_rotation_deg": 240,
    "obj_pose": [
      [
        0.09093797143870753,
        0.9926287590557159,
        -0.08011511746307556,
        0.25
      ],
      [
        -0.4835493050164978,
        0.114341082110309,
        0.8678169084316724,
        0.0
      ],
      [
        0.8705804701282214,
        -0.04017789986240161,
        0.49038289263999824,
        0.04957028762453639
      ],
      [
        0.0,
        0.0,
        0.0,
        1.0
      ]
    ],
    "qpos_list": [
      [
        0.8582466840744019,
        0.08487676084041595,
        -0.4429781138896942,
        2.120349884033203,
        -1.312605381011963,
        -2.121652364730835,
        0.09267973154783249,
        0.963596761226654,
        0.17545102536678314,
        0.04247025027871132,
        0.24119479954242706,
        0.9954368472099304,
        0.3132544755935669,
        0.18420812487602234,
        0.37534084916114807,
        1.1801766157150269,
        0.21967995166778564,
        -0.03989013656973839,
        1.282679796218872,
        0.15254080295562744,
        0.36822083592414856,
        0.1491619199514389
      ]
    ]
  },
  {
    "pose_idx": "000",
    "x_offset": 0.25,
    "z_rotation_deg": 270,
    "obj_pose": [
      [
        0.3205292459427935,
        0.802471180814118,
        -0.5032901811660342,
        0.25
      ],
      [
        -0.3732969964072433,
        0.5953366613315882,
        0.7114939298039643,
        0.0
      ],
      [
        0.8705804701282214,
        -0.04017789986240161,
        0.49038289263999824,
        0.04957028762453639
      ],
      [
        0.0,
        0.0,
        0.0,
        1.0
      ]
    ],
    "qpos_list": [
      [
        -0.2550033926963806,
        -0.6830829381942749,
        -0.1744031310081482,
        -0.5248473882675171,
        0.49846094846725464,
        -0.5143861174583435,
        -0.004590705502778292,
        1.179742455482483,
        0.3171228766441345,
        0.23114922642707825,
        0.05749914422631264,
        1.0853970050811768,
        0.4433758854866028,
        0.3423151671886444,
        0.111060231924057,
        1.032099723815918,
        0.31922927498817444,
        0.1993158757686615,
        1.2207762002944946,
        0.247941255569458,
        0.5522394180297852,
        0.23467935621738434
      ]
    ]
  },
  {
    "pose_idx": "000",
    "x_offset": 0.25,
    "z_rotation_deg": 300,
    "obj_pose": [
      [
        0.46423496784595103,
        0.3972920977241274,
        -0.7916090472670403,
        0.25
      ],
      [
        -0.16302005907370418,
        0.9168122629244274,
        0.36452672726563795,
        0.0
      ],
      [
        0.8705804701282214,
        -0.04017789986240161,
        0.49038289263999824,
        0.04957028762453639
      ],
      [
        0.0,
        0.0,
        0.0,
        1.0
      ]
    ],
    "qpos_list": [
      [
        -0.05564723536372185,
        -0.17528210580348969,
        -0.736283540725708,
        2.9077813625335693,
        -0.4536702334880829,
        -4.212772369384766,
        -0.004590705502778292,
        1.179742455482483,
        0.3171228766441345,
        0.23114922642707825,
        0.05749914422631264,
        1.0853970050811768,
        0.4433758854866028,
        0.3423151671886444,
        0.111060231924057,
        1.032099723815918,
        0.31922927498817444,
        0.1993158757686615,
        1.2207762002944946,
        0.247941255569458,
        0.5522394180297852,
        0.23467935621738434
      ]
    ]
  },
  {
    "pose_idx": "000",
    "x_offset": 0.25,
    "z_rotation_deg": 330,
    "obj_pose": [
      [
        0.4835493050164978,
        -0.114341082110309,
        -0.8678169084316724,
        0.25
      ],
      [
        0.09093797143870753,
        0.9926287590557159,
        -0.08011511746307556,
        0.0
      ],
      [
        0.8705804701282214,
        -0.04017789986240161,
        0.49038289263999824,
        0.04957028762453639
      ],
      [
        0.0,
        0.0,
        0.0,
        1.0
      ]
    ],
    "qpos_list": [
      [
        -0.19565945863723755,
        -0.12243473529815674,
        -0.7678499221801758,
        3.5727884769439697,
        -0.49029892683029175,
        0.8789504170417786,
        -0.004590705502778292,
        1.179742455482483,
        0.3171228766441345,
        0.23114922642707825,
        0.05749914422631264,
        1.0853970050811768,
        0.4433758854866028,
        0.3423151671886444,
        0.111060231924057,
        1.032099723815918,
        0.31922927498817444,
        0.1993158757686615,
        1.2207762002944946,
        0.247941255569458,
        0.5522394180297852,
        0.23467935621738434
      ],
      [
        -1.0627384185791016,
        -0.34009164571762085,
        0.017420774325728416,
        -1.6353951692581177,
        -1.1382747888565063,
        -1.4312753677368164,
        0.09267973154783249,
        0.963596761226654,
        0.17545102536678314,
        0.04247025027871132,
        0.24119479954242706,
        0.9954368472099304,
        0.3132544755935669,
        0.18420812487602234,
        0.37534084916114807,
        1.1801766157150269,
        0.21967995166778564,
        -0.03989013656973839,
        1.282679796218872,
        0.15254080295562744,
        0.36822083592414856,
        0.1491619199514389
      ]
    ]
  },
  {
    "pose_idx": "000",
    "x_offset": 0.3,
    "z_rotation_deg": 0,
    "obj_pose": [
      [
        0.37329699640724323,
        -0.5953366613315884,
        -0.7114939298039642,
        0.3
      ],
      [
        0.32052924594279353,
        0.8024711808141178,
        -0.5032901811660343,
        0.0
      ],
      [
        0.8705804701282214,
        -0.04017789986240161,
        0.49038289263999824,
        0.04957028762453639
      ],
      [
        0.0,
        0.0,
        0.0,
        1.0
      ]
    ],
    "qpos_list": [
      [
        0.08994966000318527,
        -0.29848241806030273,
        -0.47677236795425415,
        0.6701608300209045,
        0.48478344082832336,
        -2.7134451866149902,
        -0.004590705502778292,
        1.179742455482483,
        0.3171228766441345,
        0.23114922642707825,
        0.05749914422631264,
        1.0853970050811768,
        0.4433758854866028,
        0.3423151671886444,
        0.111060231924057,
        1.032099723815918,
        0.31922927498817444,
        0.1993158757686615,
        1.2207762002944946,
        0.247941255569458,
        0.5522394180297852,
        0.23467935621738434
      ],
      [
        -0.57968670129776,
        -0.5884097218513489,
        -0.24662816524505615,
        1.2705261707305908,
        1.2563188076019287,
        -4.035578727722168,
        0.09267973154783249,
        0.963596761226654,
        0.17545102536678314,
        0.04247025027871132,
        0.24119479954242706,
        0.9954368472099304,
        0.3132544755935669,
        0.18420812487602234,
        0.37534084916114807,
        1.1801766157150269,
        0.21967995166778564,
        -0.03989013656973839,
        1.282679796218872,
        0.15254080295562744,
        0.36822083592414856,
        0.1491619199514389
      ]
    ]
  },
  {
    "pose_idx": "000",
    "x_offset": 0.3,
    "z_rotation_deg": 60,
    "obj_pose": [
      [
        -0.09093797143870774,
        -0.9926287590557159,
        0.08011511746307595,
        0.3
      ],
      [
        0.4835493050164978,
        -0.11434108211030938,
        -0.8678169084316724,
        0.0
      ],
      [
        0.8705804701282214,
        -0.04017789986240161,
        0.49038289263999824,
        0.04957028762453639
      ],
      [
        0.0,
        0.0,
        0.0,
        1.0
      ]
    ],
    "qpos_list": [
      [
        1.0645986795425415,
        0.09879864007234573,
        -0.2542775869369507,
        -1.3888733386993408,
        1.8959213495254517,
        1.1287353038787842,
        0.18574891984462738,
        1.1613229513168335,
        0.5079649090766907,
        0.2819175124168396,
        0.21823222935199738,
        1.2870936393737793,
        0.29877158999443054,
        0.2570195496082306,
        0.37541911005973816,
        1.3254278898239136,
        0.6958156824111938,
        -0.03253021836280823,
        1.2715497016906738,
        0.04051174968481064,
        0.03555716574192047,
        0.2220277637243271
      ]
    ]
  },
  {
    "pose_idx": "000",
    "x_offset": 0.3,
    "z_rotation_deg": 150,
    "obj_pose": [
      [
        -0.48354930501649773,
        0.11434108211030962,
        0.8678169084316723,
        0.3
      ],
      [
        -0.09093797143870784,
        -0.9926287590557158,
        0.08011511746307612,
        0.0
      ],
      [
        0.8705804701282214,
        -0.04017789986240161,
        0.49038289263999824,
        0.04957028762453639
      ],
      [
        0.0,
        0.0,
        0.0,
        1.0
      ]
    ],
    "qpos_list": [
      [
        -1.076314091682434,
        0.08960035443305969,
        -0.2401893585920334,
        1.278309941291809,
        1.9109387397766113,
        -4.844063758850098,
        0.18574891984462738,
        1.1613229513168335,
        0.5079649090766907,
        0.2819175124168396,
        0.21823222935199738,
        1.2870936393737793,
        0.29877158999443054,
        0.2570195496082306,
        0.37541911005973816,
        1.3254278898239136,
        0.6958156824111938,
        -0.03253021836280823,
        1.2715497016906738,
        0.04051174968481064,
        0.03555716574192047,
        0.2220277637243271
      ]
    ]
  },
  {
    "pose_idx": "000",
    "x_offset": 0.3,
    "z_rotation_deg": 240,
    "obj_pose": [
      [
        0.09093797143870753,
        0.9926287590557159,
        -0.08011511746307556,
        0.3
      ],
      [
        -0.4835493050164978,
        0.114341082110309,
        0.8678169084316724,
        0.0
      ],
      [
        0.8705804701282214,
        -0.04017789986240161,
        0.49038289263999824,
        0.04957028762453639
      ],
      [
        0.0,
        0.0,
        0.0,
        1.0
      ]
    ],
    "qpos_list": [
      [
        0.7265915870666504,
        0.17623239755630493,
        -0.584143877029419,
        2.016599655151367,
        -1.2931318283081055,
        -2.1912786960601807,
        0.09267973154783249,
        0.963596761226654,
        0.17545102536678314,
        0.04247025027871132,
        0.24119479954242706,
        0.9954368472099304,
        0.3132544755935669,
        0.18420812487602234,
        0.37534084916114807,
        1.1801766157150269,
        0.21967995166778564,
        -0.03989013656973839,
        1.282679796218872,
        0.15254080295562744,
        0.36822083592414856,
        0.1491619199514389
      ]
    ]
  },
  {
    "pose_idx": "000",
    "x_offset": 0.3,
    "z_rotation_deg": 270,
    "obj_pose": [
      [
        0.3205292459427935,
        0.802471180814118,
        -0.5032901811660342,
        0.3
      ],
      [
        -0.3732969964072433,
        0.5953366613315882,
        0.7114939298039643,
        0.0
      ],
      [
        0.8705804701282214,
        -0.04017789986240161,
        0.49038289263999824,
        0.04957028762453639
      ],
      [
        0.0,
        0.0,
        0.0,
        1.0
      ]
    ],
    "qpos_list": [
      [
        0.03370555862784386,
        -0.032393135130405426,
        -0.8149667382240295,
        -3.7796502113342285,
        -0.6106929183006287,
        -3.300058603286743,
        -0.004590705502778292,
        1.179742455482483,
        0.3171228766441345,
        0.23114922642707825,
        0.05749914422631264,
        1.0853970050811768,
        0.4433758854866028,
        0.3423151671886444,
        0.111060231924057,
        1.032099723815918,
        0.31922927498817444,
        0.1993158757686615,
        1.2207762002944946,
        0.247941255569458,
        0.5522394180297852,
        0.23467935621738434
      ],
      [
        0.8073642253875732,
        -0.12466567009687424,
        -0.17924539744853973,
        1.5754426717758179,
        -1.1209865808486938,
        -2.122062921524048,
        0.09267973154783249,
        0.963596761226654,
        0.17545102536678314,
        0.04247025027871132,
        0.24119479954242706,
        0.9954368472099304,
        0.3132544755935669,
        0.18420812487602234,
        0.37534084916114807,
        1.1801766157150269,
        0.21967995166778564,
        -0.03989013656973839,
        1.282679796218872,
        0.15254080295562744,
        0.36822083592414856,
        0.1491619199514389
      ]
    ]
  },
  {
    "pose_idx": "000",
    "x_offset": 0.3,
    "z_rotation_deg": 300,
    "obj_pose": [
      [
        0.46423496784595103,
        0.3972920977241274,
        -0.7916090472670403,
        0.3
      ],
      [
        -0.16302005907370418,
        0.9168122629244274,
        0.36452672726563795,
        0.0
      ],
      [
        0.8705804701282214,
        -0.04017789986240161,
        0.49038289263999824,
        0.04957028762453639
      ],
      [
        0.0,
        0.0,
        0.0,
        1.0
      ]
    ],
    "qpos_list": [
      [
        -0.046158429235219955,
        -0.009038231335580349,
        -0.9161352515220642,
        2.904951572418213,
        -0.4684586524963379,
        2.080221652984619,
        -0.004590705502778292,
        1.179742455482483,
        0.3171228766441345,
        0.23114922642707825,
        0.05749914422631264,
        1.0853970050811768,
        0.4433758854866028,
        0.3423151671886444,
        0.111060231924057,
        1.032099723815918,
        0.31922927498817444,
        0.1993158757686615,
        1.2207762002944946,
        0.247941255569458,
        0.5522394180297852,
        0.23467935621738434
      ],
      [
        -0.07965227961540222,
        -0.9258753061294556,
        -0.14460574090480804,
        3.404597282409668,
        0.07358454167842865,
        -5.18187952041626,
        0.09267973154783249,
        0.963596761226654,
        0.17545102536678314,
        0.04247025027871132,
        0.24119479954242706,
        0.9954368472099304,
        0.3132544755935669,
        0.18420812487602234,
        0.37534084916114807,
        1.1801766157150269,
        0.21967995166778564,
        -0.03989013656973839,
        1.282679796218872,
        0.15254080295562744,
        0.36822083592414856,
        0.1491619199514389
      ]
    ]
  },
  {
    "pose_idx": "000",
    "x_offset": 0.3,
    "z_rotation_deg": 330,
    "obj_pose": [
      [
        0.4835493050164978,
        -0.114341082110309,
        -0.8678169084316724,
        0.3
      ],
      [
        0.09093797143870753,
        0.9926287590557159,
        -0.08011511746307556,
        0.0
      ],
      [
        0.8705804701282214,
        -0.04017789986240161,
        0.49038289263999824,
        0.04957028762453639
      ],
      [
        0.0,
        0.0,
        0.0,
        1.0
      ]
    ],
    "qpos_list": [
      [
        -0.7965683937072754,
        -0.2198059856891632,
        -0.08058173954486847,
        -1.3677445650100708,
        -1.0586225986480713,
        -1.4623383283615112,
        0.09267973154783249,
        0.963596761226654,
        0.17545102536678314,
        0.04247025027871132,
        0.24119479954242706,
        0.9954368472099304,
        0.3132544755935669,
        0.18420812487602234,
        0.37534084916114807,
        1.1801766157150269,
        0.21967995166778564,
        -0.03989013656973839,
        1.282679796218872,
        0.15254080295562744,
        0.36822083592414856,
        0.1491619199514389
      ],
      [
        0.01490405760705471,
        -0.28893640637397766,
        -0.42549994587898254,
        0.40980738401412964,
        0.26779961585998535,
        -2.0823376178741455,
        -0.004590705502778292,
        1.179742455482483,
        0.3171228766441345,
        0.23114922642707825,
        0.05749914422631264,
        1.0853970050811768,
        0.4433758854866028,
        0.3423151671886444,
        0.111060231924057,
        1.032099723815918,
        0.31922927498817444,
        0.1993158757686615,
        1.2207762002944946,
        0.247941255569458,
        0.5522394180297852,
        0.23467935621738434
      ]
    ]
  },
  {
    "pose_idx": "000",
    "x_offset": 0.35,
    "z_rotation_deg": 0,
    "obj_pose": [
      [
        0.37329699640724323,
        -0.5953366613315884,
        -0.7114939298039642,
        0.35
      ],
      [
        0.32052924594279353,
        0.8024711808141178,
        -0.5032901811660343,
        0.0
      ],
      [
        0.8705804701282214,
        -0.04017789986240161,
        0.49038289263999824,
        0.04957028762453639
      ],
      [
        0.0,
        0.0,
        0.0,
        1.0
      ]
    ],
    "qpos_list": [
      [
        -0.461343914270401,
        -0.3918870985507965,
        -0.3919745981693268,
        1.36284339427948,
        1.1605489253997803,
        -4.065433502197266,
        0.09267973154783249,
        0.963596761226654,
        0.17545102536678314,
        0.04247025027871132,
        0.24119479954242706,
        0.9954368472099304,
        0.3132544755935669,
        0.18420812487602234,
        0.37534084916114807,
        1.1801766157150269,
        0.21967995166778564,
        -0.03989013656973839,
        1.282679796218872,
        0.15254080295562744,
        0.36822083592414856,
        0.1491619199514389
      ],
      [
        0.07868729531764984,
        -0.12253008037805557,
        -0.6502251625061035,
        0.6767040491104126,
        0.4877404272556305,
        -2.7299752235412598,
        -0.004590705502778292,
        1.179742455482483,
        0.3171228766441345,
        0.23114922642707825,
        0.05749914422631264,
        1.0853970050811768,
        0.4433758854866028,
        0.3423151671886444,
        0.111060231924057,
        1.032099723815918,
        0.31922927498817444,
        0.1993158757686615,
        1.2207762002944946,
        0.247941255569458,
        0.5522394180297852,
        0.23467935621738434
      ]
    ]
  },
  {
    "pose_idx": "000",
    "x_offset": 0.35,
    "z_rotation_deg": 60,
    "obj_pose": [
      [
        -0.09093797143870774,
        -0.9926287590557159,
        0.08011511746307595,
        0.35
      ],
      [
        0.4835493050164978,
        -0.11434108211030938,
        -0.8678169084316724,
        0.0
      ],
      [
        0.8705804701282214,
        -0.04017789986240161,
        0.49038289263999824,
        0.04957028762453639
      ],
      [
        0.0,
        0.0,
        0.0,
        1.0
      ]
    ],
    "qpos_list": [
      [
        0.8806832432746887,
        0.1533416360616684,
        -0.3412289321422577,
        4.7018609046936035,
        1.8674389123916626,
        1.0921337604522705,
        0.18574891984462738,
        1.1613229513168335,
        0.5079649090766907,
        0.2819175124168396,
        0.21823222935199738,
        1.2870936393737793,
        0.29877158999443054,
        0.2570195496082306,
        0.37541911005973816,
        1.3254278898239136,
        0.6958156824111938,
        -0.03253021836280823,
        1.2715497016906738,
        0.04051174968481064,
        0.03555716574192047,
        0.2220277637243271
      ]
    ]
  },
  {
    "pose_idx": "000",
    "x_offset": 0.35,
    "z_rotation_deg": 150,
    "obj_pose": [
      [
        -0.48354930501649773,
        0.11434108211030962,
        0.8678169084316723,
        0.35
      ],
      [
        -0.09093797143870784,
        -0.9926287590557158,
        0.08011511746307612,
        0.0
      ],
      [
        0.8705804701282214,
        -0.04017789986240161,
        0.49038289263999824,
        0.04957028762453639
      ],
      [
        0.0,
        0.0,
        0.0,
        1.0
      ]
    ],
    "qpos_list": [
      [
        -0.8888653516769409,
        0.14342765510082245,
        -0.3252430558204651,
        1.4756207466125488,
        1.8865336179733276,
        1.477652668952942,
        0.18574891984462738,
        1.1613229513168335,
        0.5079649090766907,
        0.2819175124168396,
        0.21823222935199738,
        1.2870936393737793,
        0.29877158999443054,
        0.2570195496082306,
        0.37541911005973816,
        1.3254278898239136,
        0.6958156824111938,
        -0.03253021836280823,
        1.2715497016906738,
        0.04051174968481064,
        0.03555716574192047,
        0.2220277637243271
      ]
    ]
  },
  {
    "pose_idx": "000",
    "x_offset": 0.35,
    "z_rotation_deg": 240,
    "obj_pose": [
      [
        0.09093797143870753,
        0.9926287590557159,
        -0.08011511746307556,
        0.35
      ],
      [
        -0.4835493050164978,
        0.114341082110309,
        0.8678169084316724,
        0.0
      ],
      [
        0.8705804701282214,
        -0.04017789986240161,
        0.49038289263999824,
        0.04957028762453639
      ],
      [
        0.0,
        0.0,
        0.0,
        1.0
      ]
    ],
    "qpos_list": [
      [
        0.6249867081642151,
        0.2754541039466858,
        -0.7474733591079712,
        1.9468802213668823,
        -1.2790340185165405,
        -2.270454168319702,
        0.09267973154783249,
        0.963596761226654,
        0.17545102536678314,
        0.04247025027871132,
        0.24119479954242706,
        0.9954368472099304,
        0.3132544755935669,
        0.18420812487602234,
        0.37534084916114807,
        1.1801766157150269,
        0.21967995166778564,
        -0.03989013656973839,
        1.282679796218872,
        0.15254080295562744,
        0.36822083592414856,
        0.1491619199514389
      ]
    ]
  },
  {
    "pose_idx": "000",
    "x_offset": 0.35,
    "z_rotation_deg": 270,
    "obj_pose": [
      [
        0.3205292459427935,
        0.802471180814118,
        -0.5032901811660342,
        0.35
      ],
      [
        -0.3732969964072433,
        0.5953366613315882,
        0.7114939298039643,
        0.0
      ],
      [
        0.8705804701282214,
        -0.04017789986240161,
        0.49038289263999824,
        0.04957028762453639
      ],
      [
        0.0,
        0.0,
        0.0,
        1.0
      ]
    ],
    "qpos_list": [
      [
        0.021381212398409843,
        0.12748900055885315,
        -1.0149270296096802,
        2.5385375022888184,
        -0.6378282308578491,
        -3.353015422821045,
        -0.004590705502778292,
        1.179742455482483,
        0.3171228766441345,
        0.23114922642707825,
        0.05749914422631264,
        1.0853970050811768,
        0.4433758854866028,
        0.3423151671886444,
        0.111060231924057,
        1.032099723815918,
        0.31922927498817444,
        0.1993158757686615,
        1.2207762002944946,
        0.247941255569458,
        0.5522394180297852,
        0.23467935621738434
      ],
      [
        0.6517764329910278,
        -0.013695884495973587,
        -0.31398624181747437,
        1.4380863904953003,
        -1.0712804794311523,
        -2.1451730728149414,
        0.09267973154783249,
        0.963596761226654,
        0.17545102536678314,
        0.04247025027871132,
        0.24119479954242706,
        0.9954368472099304,
        0.3132544755935669,
        0.18420812487602234,
        0.37534084916114807,
        1.1801766157150269,
        0.21967995166778564,
        -0.03989013656973839,
        1.282679796218872,
        0.15254080295562744,
        0.36822083592414856,
        0.1491619199514389
      ]
    ]
  },
  {
    "pose_idx": "000",
    "x_offset": 0.35,
    "z_rotation_deg": 300,
    "obj_pose": [
      [
        0.46423496784595103,
        0.3972920977241274,
        -0.7916090472670403,
        0.35
      ],
      [
        -0.16302005907370418,
        0.9168122629244274,
        0.36452672726563795,
        0.0
      ],
      [
        0.8705804701282214,
        -0.04017789986240161,
        0.49038289263999824,
        0.04957028762453639
      ],
      [
        0.0,
        0.0,
        0.0,
        1.0
      ]
    ],
    "qpos_list": [
      [
        0.15942902863025665,
        -0.32245582342147827,
        0.026289205998182297,
        0.31447064876556396,
        -0.8573324084281921,
        -1.8861546516418457,
        0.09267973154783249,
        0.963596761226654,
        0.17545102536678314,
        0.04247025027871132,
        0.24119479954242706,
        0.9954368472099304,
        0.3132544755935669,
        0.18420812487602234,
        0.37534084916114807,
        1.1801766157150269,
        0.21967995166778564,
        -0.03989013656973839,
        1.282679796218872,
        0.15254080295562744,
        0.36822083592414856,
        0.1491619199514389
      ],
      [
        -0.04308442026376724,
        0.15156543254852295,
        -1.1139631271362305,
        2.918452739715576,
        -0.5054755210876465,
        2.0667686462402344,
        -0.004590705502778292,
        1.179742455482483,
        0.3171228766441345,
        0.23114922642707825,
        0.05749914422631264,
        1.0853970050811768,
        0.4433758854866028,
        0.3423151671886444,
        0.111060231924057,
        1.032099723815918,
        0.31922927498817444,
        0.1993158757686615,
        1.2207762002944946,
        0.247941255569458,
        0.5522394180297852,
        0.23467935621738434
      ]
    ]
  },
  {
    "pose_idx": "000",
    "x_offset": 0.35,
    "z_rotation_deg": 330,
    "obj_pose": [
      [
        0.4835493050164978,
        -0.114341082110309,
        -0.8678169084316724,
        0.35
      ],
      [
        0.09093797143870753,
        0.9926287590557159,
        -0.08011511746307556,
        0.0
      ],
      [
        0.8705804701282214,
        -0.04017789986240161,
        0.49038289263999824,
        0.04957028762453639
      ],
      [
        0.0,
        0.0,
        0.0,
        1.0
      ]
    ],
    "qpos_list": [
      [
        -0.12323279678821564,
        -0.6611877679824829,
        -0.20327143371105194,
        1.9492238759994507,
        0.5331552624702454,
        -4.037741184234619,
        0.09267973154783249,
        0.963596761226654,
        0.17545102536678314,
        0.04247025027871132,
        0.24119479954242706,
        0.9954368472099304,
        0.3132544755935669,
        0.18420812487602234,
        0.37534084916114807,
        1.1801766157150269,
        0.21967995166778564,
        -0.03989013656973839,
        1.282679796218872,
