[
  {
    "pose_idx": "000",
    "x_offset": 0.2,
    "z_rotation_deg": 120,
    "obj_pose": [
      [
        0.8188231971048994,
        -0.16949812907962916,
        0.5484514163728791,
        0.2
      ],
      [
        -0.21778454204937867,
        -0.9757113984856918,
        0.023604239226001775,
        0.0
      ],
      [
        0.531129424083485,
        -0.13877193917936406,
        -0.83584919917958,
        0.061770414679870475
      ],
      [
        0.0,
        0.0,
        0.0,
        1.0
      ]
    ],
    "qpos_list": [
      [
        1.2740834951400757,
        0.5004467368125916,
        -0.664821207523346,
        -1.0027488470077515,
        1.7211946249008179,
        -0.256854772567749,
        -0.1461353451013565,
        0.5449036955833435,
        0.1509103775024414,
        0.17808690667152405,
        0.10488596558570862,
        0.7103604674339294,
        0.04527115821838379,
        0.00025730227935127914,
        0.3630181550979614,
        0.9602892398834229,
        0.13256892561912537,
        -0.03671307489275932,
        1.2672978639602661,
        0.021527890115976334,
        0.36917823553085327,
        0.14161409437656403
      ]
    ]
  },
  {
    "pose_idx": "000",
    "x_offset": 0.2,
    "z_rotation_deg": 180,
    "obj_pose": [
      [
        0.5980185445187719,
        0.7602417933108361,
        0.2537838373797168,
        0.2
      ],
      [
        0.6002294188761461,
        -0.6346453849197387,
        0.4867749789334708,
        0.0
      ],
      [
        0.531129424083485,
        -0.13877193917936406,
        -0.83584919917958,
        0.061770414679870475
      ],
      [
        0.0,
        0.0,
        0.0,
        1.0
      ]
    ],
    "qpos_list": [
      [
        1.0488029718399048,
        0.09538701176643372,
        -0.39768263697624207,
        2.1631720066070557,
        -1.4175803661346436,
        -2.33538556098938,
        0.001806636922992766,
        1.1018809080123901,
        0.19102294743061066,
        0.06804407387971878,
        0.13808391988277435,
        0.9949641823768616,
        0.44364267587661743,
        0.23936405777931213,
        0.3529568612575531,
        1.3924086093902588,
        0.3247346580028534,
        -0.043176960200071335,
        1.2842464447021484,
        0.09497418999671936,
        0.4939050078392029,
        0.02581283450126648
      ]
    ]
  },
  {
    "pose_idx": "000",
    "x_offset": 0.2,
    "z_rotation_deg": 270,
    "obj_pose": [
      [
        -0.6002294188761461,
        0.6346453849197387,
        -0.4867749789334708,
        0.2
      ],
      [
        0.5980185445187719,
        0.7602417933108361,
        0.2537838373797169,
        0.0
      ],
      [
        0.531129424083485,
        -0.13877193917936406,
        -0.83584919917958,
        0.061770414679870475
      ],
      [
        0.0,
        0.0,
        0.0,
        1.0
      ]
    ],
    "qpos_list": [
      [
        -0.9672690629959106,
        -0.5874441862106323,
        -0.20634417235851288,
        1.1382825374603271,
        1.2690613269805908,
        -3.3248729705810547,
        -0.027419298887252808,
        0.9249743223190308,
        0.3796722888946533,
        0.14275111258029938,
        0.09445276111364365,
        1.004955768585205,
        0.24631650745868683,
        0.12168782949447632,
        0.23833389580249786,
        1.0539435148239136,
        0.29945340752601624,
        0.15182632207870483,
        1.2429431676864624,
        0.021641859784722328,
        0.535453200340271,
        0.1493484079837799
      ]
    ]
  },
  {
    "pose_idx": "000",
    "x_offset": 0.2,
    "z_rotation_deg": 300,
    "obj_pose": [
      [
        -0.8188231971048994,
        0.16949812907962883,
        -0.5484514163728791,
        0.2
      ],
      [
        0.21778454204937847,
        0.975711398485692,
        -0.023604239226001966,
        0.0
      ],
      [
        0.531129424083485,
        -0.13877193917936406,
        -0.83584919917958,
        0.061770414679870475
      ],
      [
        0.0,
        0.0,
        0.0,
        1.0
      ]
    ],
    "qpos_list": [
      [
        -0.7222464680671692,
        -0.24660222232341766,
        -0.4932786226272583,
        0.9704240560531616,
        1.410719394683838,
        -3.470404624938965,
        -0.027419298887252808,
        0.9249743223190308,
        0.3796722888946533,
        0.14275111258029938,
        0.09445276111364365,
        1.004955768585205,
        0.24631650745868683,
        0.12168782949447632,
        0.23833389580249786,
        1.0539435148239136,
        0.29945340752601624,
        0.15182632207870483,
        1.2429431676864624,
        0.021641859784722328,
        0.535453200340271,
        0.1493484079837799
      ],
      [
        -1.2869998216629028,
        -0.981705367565155,
        -0.059822894632816315,
        0.8576006889343262,
        1.9905403852462769,
        -4.457365036010742,
        0.001806636922992766,
        1.1018809080123901,
        0.19102294743061066,
        0.06804407387971878,
        0.13808391988277435,
        0.9949641823768616,
        0.44364267587661743,
        0.23936405777931213,
        0.3529568612575531,
        1.3924086093902588,
        0.3247346580028534,
        -0.043176960200071335,
        1.2842464447021484,
        0.09497418999671936,
        0.4939050078392029,
        0.02581283450126648
      ],
      [
        1.1397483348846436,
        0.4724152982234955,
        -0.6595951914787292,
        -1.0430872440338135,
        1.6732327938079834,
        -0.2714028060436249,
        0.07028864324092865,
        0.6205294728279114,
        0.19771818816661835,
        0.09126254171133041,
        0.2700639069080353,
        0.7830415368080139,
        0.08595030009746552,
        -0.04261283949017525,
        0.37687474489212036,
        0.918484091758728,
        0.21718190610408783,
        0.10715103149414062,
        1.2826107740402222,
        0.09363170713186264,
        0.2311413437128067,
        0.04532527178525925
      ],
      [
        1.1572908163070679,
        0.25532764196395874,
        -0.5104413628578186,
        -1.0823324918746948,
        1.5435395240783691,
        -0.3459368050098419,
        -0.03306791931390762,
        0.6432539820671082,
        0.13969434797763824,
        0.10441925376653671,
        0.1794055700302124,
        0.8097571730613708,
        0.08800565451383591,
        -0.031186677515506744,
        0.3770778775215149,
        0.9671295285224915,
        0.21247726678848267,
        0.009843586944043636,
        1.153061866760254,
        0.021948426961898804,
        0.2846890389919281,
        0.026278089731931686
      ]
    ]
  },
  {
    "pose_idx": "000",
    "x_offset": 0.2,
    "z_rotation_deg": 330,
    "obj_pose": [
      [
        -0.8180139609255249,
        -0.3410660135659529,
        -0.46317073970746914,
        0.2
      ],
      [
        -0.22080465258612716,
        0.9297399223904653,
        -0.2946675789931621,
        0.0
      ],
      [
        0.531129424083485,
        -0.13877193917936406,
        -0.83584919917958,
        0.061770414679870475
      ],
      [
        0.0,
        0.0,
        0.0,
        1.0
      ]
    ],
    "qpos_list": [
      [
        1.5700000524520874,
        0.05761796236038208,
        -0.18688343465328217,
        -1.1965558528900146,
        1.471238136291504,
        -0.24078065156936646,
        -0.03306791931390762,
        0.6432539820671082,
        0.13969434797763824,
        0.10441925376653671,
        0.1794055700302124,
        0.8097571730613708,
        0.08800565451383591,
        -0.031186677515506744,
        0.3770778775215149,
        0.9671295285224915,
        0.21247726678848267,
        0.009843586944043636,
        1.153061866760254,
        0.021948426961898804,
        0.2846890389919281,
        0.026278089731931686
      ],
      [
        1.5596342086791992,
        0.3437705338001251,
        -0.3509414792060852,
        -1.1379857063293457,
        1.5810405015945435,
        -0.11644680798053741,
        0.07028864324092865,
        0.6205294728279114,
        0.19771818816661835,
        0.09126254171133041,
        0.2700639069080353,
        0.7830415368080139,
        0.08595030009746552,
        -0.04261283949017525,
        0.37687474489212036,
        0.918484091758728,
        0.21718190610408783,
        0.10715103149414062,
        1.2826107740402222,
        0.09363170713186264,
        0.2311413437128067,
        0.04532527178525925
      ]
    ]
  },
  {
    "pose_idx": "000",
    "x_offset": 0.25,
    "z_rotation_deg": 60,
    "obj_pose": [
      [
        0.22080465258612753,
        -0.9297399223904652,
        0.2946675789931623,
        0.25
      ],
      [
        -0.8180139609255248,
        -0.34106601356595334,
        -0.463170739707469,
        0.0
      ],
      [
        0.531129424083485,
        -0.13877193917936406,
        -0.83584919917958,
        0.061770414679870475
      ],
      [
        0.0,
        0.0,
        0.0,
        1.0
      ]
    ],
    "qpos_list": [
      [
        -1.4443750381469727,
        0.31604960560798645,
        -0.26654312014579773,
        0.5708096027374268,
        1.536411166191101,
        -0.13666431605815887,
        0.07028864324092865,
        0.6205294728279114,
        0.19771818816661835,
        0.09126254171133041,
        0.2700639069080353,
        0.7830415368080139,
        0.08595030009746552,
        -0.04261283949017525,
        0.37687474489212036,
        0.918484091758728,
        0.21718190610408783,
        0.10715103149414062,
        1.2826107740402222,
        0.09363170713186264,
        0.2311413437128067,
        0.04532527178525925
      ],
      [
        -1.3447548151016235,
        0.07803816348314285,
        -0.2218182235956192,
        0.5779803991317749,
        1.5457704067230225,
        -0.039579667150974274,
        -0.03306791931390762,
        0.6432539820671082,
        0.13969434797763824,
        0.10441925376653671,
        0.1794055700302124,
        0.8097571730613708,
        0.08800565451383591,
        -0.031186677515506744,
        0.3770778775215149,
        0.9671295285224915,
        0.21247726678848267,
        0.009843586944043636,
        1.153061866760254,
        0.021948426961898804,
        0.2846890389919281,
        0.026278089731931686
      ]
    ]
  },
  {
    "pose_idx": "000",
    "x_offset": 0.25,
    "z_rotation_deg": 120,
    "obj_pose": [
      [
        0.8188231971048994,
        -0.16949812907962916,
        0.5484514163728791,
        0.25
      ],
      [
        -0.21778454204937867,
        -0.9757113984856918,
        0.023604239226001775,
        0.0
      ],
      [
        0.531129424083485,
        -0.13877193917936406,
        -0.83584919917958,
        0.061770414679870475
      ],
      [
        0.0,
        0.0,
        0.0,
        1.0
      ]
    ],
    "qpos_list": [
      [
        1.1341160535812378,
        0.5254591107368469,
        -0.7203289270401001,
        -1.146194577217102,
        1.7137004137039185,
        -0.2959301769733429,
        -0.1461353451013565,
        0.5449036955833435,
        0.1509103775024414,
        0.17808690667152405,
        0.10488596558570862,
        0.7103604674339294,
        0.04527115821838379,
        0.00025730227935127914,
        0.3630181550979614,
        0.9602892398834229,
        0.13256892561912537,
        -0.03671307489275932,
        1.2672978639602661,
        0.021527890115976334,
        0.36917823553085327,
        0.14161409437656403
      ]
    ]
  },
  {
    "pose_idx": "000",
    "x_offset": 0.25,
    "z_rotation_deg": 150,
    "obj_pose": [
      [
        0.8180139609255247,
        0.34106601356595345,
        0.46317073970746897,
        0.25
      ],
      [
        0.2208046525861277,
        -0.9297399223904651,
        0.2946675789931624,
        0.0
      ],
      [
        0.531129424083485,
        -0.13877193917936406,
        -0.83584919917958,
        0.061770414679870475
      ],
      [
        0.0,
        0.0,
        0.0,
        1.0
      ]
    ],
    "qpos_list": [
      [
        1.5387998819351196,
        1.0508171319961548,
        -0.5685439109802246,
        1.886954426765442,
        -1.4771925210952759,
        -2.8024230003356934,
        -0.1461353451013565,
        0.5449036955833435,
        0.1509103775024414,
        0.17808690667152405,
        0.10488596558570862,
        0.7103604674339294,
        0.04527115821838379,
        0.00025730227935127914,
        0.3630181550979614,
        0.9602892398834229,
        0.13256892561912537,
        -0.03671307489275932,
        1.2672978639602661,
        0.021527890115976334,
        0.36917823553085327,
        0.14161409437656403
      ]
    ]
  },
  {
    "pose_idx": "000",
    "x_offset": 0.25,
    "z_rotation_deg": 180,
    "obj_pose": [
      [
        0.5980185445187719,
        0.7602417933108361,
        0.2537838373797168,
        0.25
      ],
      [
        0.6002294188761461,
        -0.6346453849197387,
        0.4867749789334708,
        0.0
      ],
      [
        0.531129424083485,
        -0.13877193917936406,
        -0.83584919917958,
        0.061770414679870475
      ],
      [
        0.0,
        0.0,
        0.0,
        1.0
      ]
    ],
    "qpos_list": [
      [
        0.8886671662330627,
        0.16667474806308746,
        -0.5114453434944153,
        2.0216002464294434,
        -1.39457368850708,
        -2.3982958793640137,
        0.001806636922992766,
        1.1018809080123901,
        0.19102294743061066,
        0.06804407387971878,
        0.13808391988277435,
        0.9949641823768616,
        0.44364267587661743,
        0.23936405777931213,
        0.3529568612575531,
        1.3924086093902588,
        0.3247346580028534,
        -0.043176960200071335,
        1.2842464447021484,
        0.09497418999671936,
        0.4939050078392029,
        0.02581283450126648
      ]
    ]
  },
  {
    "pose_idx": "000",
    "x_offset": 0.25,
    "z_rotation_deg": 240,
    "obj_pose": [
      [
        -0.22080465258612716,
        0.9297399223904653,
        -0.2946675789931621,
        0.25
      ],
      [
        0.8180139609255249,
        0.3410660135659529,
        0.46317073970746914,
        0.0
      ],
      [
        0.531129424083485,
        -0.13877193917936406,
        -0.83584919917958,
        0.061770414679870475
      ],
      [
        0.0,
        0.0,
        0.0,
        1.0
      ]
    ],
    "qpos_list": [
      [
        -1.439170002937317,
        0.4018905758857727,
        -0.4152539372444153,
        0.4878480136394501,
        1.643420696258545,
        -0.11194615811109543,
        -0.1461353451013565,
        0.5449036955833435,
        0.1509103775024414,
        0.17808690667152405,
        0.10488596558570862,
        0.7103604674339294,
        0.04527115821838379,
        0.00025730227935127914,
        0.3630181550979614,
        0.9602892398834229,
        0.13256892561912537,
        -0.03671307489275932,
        1.2672978639602661,
        0.021527890115976334,
        0.36917823553085327,
        0.14161409437656403
      ],
      [
        -1.3217673301696777,
        -0.11453718692064285,
        -0.12089762091636658,
        -1.6159857511520386,
        -1.0491079092025757,
        -0.751657247543335,
        -0.027419298887252808,
        0.9249743223190308,
        0.3796722888946533,
        0.14275111258029938,
        0.09445276111364365,
        1.004955768585205,
        0.24631650745868683,
        0.12168782949447632,
        0.23833389580249786,
        1.0539435148239136,
        0.29945340752601624,
        0.15182632207870483,
        1.2429431676864624,
        0.021641859784722328,
        0.535453200340271,
        0.1493484079837799
      ]
    ]
  },
  {
    "pose_idx": "000",
    "x_offset": 0.25,
    "z_rotation_deg": 270,
    "obj_pose": [
      [
        -0.6002294188761461,
        0.6346453849197387,
        -0.4867749789334708,
        0.25
      ],
      [
        0.5980185445187719,
        0.7602417933108361,
        0.2537838373797169,
        0.0
      ],
      [
        0.531129424083485,
        -0.13877193917936406,
        -0.83584919917958,
        0.061770414679870475
      ],
      [
        0.0,
        0.0,
        0.0,
        1.0
      ]
    ],
    "qpos_list": [
      [
        -0.7772621512413025,
        -0.43645045161247253,
        -0.3093637228012085,
        1.2739801406860352,
        1.128531575202942,
        -3.3222031593322754,
        -0.027419298887252808,
        0.9249743223190308,
        0.3796722888946533,
        0.14275111258029938,
        0.09445276111364365,
        1.004955768585205,
        0.24631650745868683,
        0.12168782949447632,
        0.23833389580249786,
        1.0539435148239136,
        0.29945340752601624,
        0.15182632207870483,
        1.2429431676864624,
        0.021641859784722328,
        0.535453200340271,
        0.1493484079837799
      ]
    ]
  },
  {
    "pose_idx": "000",
    "x_offset": 0.25,
    "z_rotation_deg": 300,
    "obj_pose": [
      [
        -0.8188231971048994,
        0.16949812907962883,
        -0.5484514163728791,
        0.25
      ],
      [
        0.21778454204937847,
        0.975711398485692,
        -0.023604239226001966,
        0.0
      ],
      [
        0.531129424083485,
        -0.13877193917936406,
        -0.83584919917958,
        0.061770414679870475
      ],
      [
        0.0,
        0.0,
        0.0,
        1.0
      ]
    ],
    "qpos_list": [
      [
        -0.6195664405822754,
        -0.1136067658662796,
        -0.6219448447227478,
        1.0400114059448242,
        1.3501054048538208,
        -3.4364535808563232,
        -0.027419298887252808,
        0.9249743223190308,
        0.3796722888946533,
        0.14275111258029938,
        0.09445276111364365,
        1.004955768585205,
        0.24631650745868683,
        0.12168782949447632,
        0.23833389580249786,
        1.0539435148239136,
        0.29945340752601624,
        0.15182632207870483,
        1.2429431676864624,
        0.021641859784722328,
        0.535453200340271,
        0.1493484079837799
      ],
      [
        -0.9805115461349487,
        -0.8428446650505066,
        -0.10569430142641068,
        1.0475902557373047,
        1.7276643514633179,
        -4.38063383102417,
        0.001806636922992766,
        1.1018809080123901,
        0.19102294743061066,
        0.06804407387971878,
        0.13808391988277435,
        0.9949641823768616,
        0.44364267587661743,
        0.23936405777931213,
        0.3529568612575531,
        1.3924086093902588,
        0.3247346580028534,
        -0.043176960200071335,
        1.2842464447021484,
        0.09497418999671936,
        0.4939050078392029,
        0.02581283450126648
      ],
      [
        1.0119502544403076,
        0.2993921637535095,
        -0.5840657949447632,
        -1.2207794189453125,
        1.5201798677444458,
        -0.3886699676513672,
        -0.03306791931390762,
        0.6432539820671082,
        0.13969434797763824,
        0.10441925376653671,
        0.1794055700302124,
        0.8097571730613708,
        0.08800565451383591,
        -0.031186677515506744,
        0.3770778775215149,
        0.9671295285224915,
        0.21247726678848267,
        0.009843586944043636,
        1.153061866760254,
        0.021948426961898804,
        0.2846890389919281,
        0.026278089731931686
      ],
      [
        1.01020348072052,
        0.5080234408378601,
        -0.7347742319107056,
        -1.1746073961257935,
        1.6670258045196533,
        -0.3188444972038269,
        0.07028864324092865,
        0.6205294728279114,
        0.19771818816661835,
        0.09126254171133041,
        0.2700639069080353,
        0.7830415368080139,
        0.08595030009746552,
        -0.04261283949017525,
        0.37687474489212036,
        0.918484091758728,
        0.21718190610408783,
        0.10715103149414062,
        1.2826107740402222,
        0.09363170713186264,
        0.2311413437128067,
        0.04532527178525925
      ]
    ]
  },
  {
    "pose_idx": "000",
    "x_offset": 0.25,
    "z_rotation_deg": 330,
    "obj_pose": [
      [
        -0.8180139609255249,
        -0.3410660135659529,
        -0.46317073970746914,
        0.25
      ],
      [
        -0.22080465258612716,
        0.9297399223904653,
        -0.2946675789931621,
        0.0
      ],
      [
        0.531129424083485,
        -0.13877193917936406,
        -0.83584919917958,
        0.061770414679870475
      ],
      [
        0.0,
        0.0,
        0.0,
        1.0
      ]
    ],
    "qpos_list": [
      [
        1.3433985710144043,
        0.3498743772506714,
        -0.36781588196754456,
        -1.3543236255645752,
        1.5819103717803955,
        -0.12745121121406555,
        0.07028864324092865,
        0.6205294728279114,
        0.19771818816661835,
        0.09126254171133041,
        0.2700639069080353,
        0.7830415368080139,
        0.08595030009746552,
        -0.04261283949017525,
        0.37687474489212036,
        0.918484091758728,
        0.21718190610408783,
        0.10715103149414062,
        1.2826107740402222,
        0.09363170713186264,
        0.2311413437128067,
        0.04532527178525925
      ],
      [
        1.4516862630844116,
        0.8299451470375061,
        -0.4164424538612366,
        1.7324905395507812,
        -1.341909646987915,
        3.4352288246154785,
        -0.03306791931390762,
        0.6432539820671082,
        0.13969434797763824,
        0.10441925376653671,
        0.1794055700302124,
        0.8097571730613708,
        0.08800565451383591,
        -0.031186677515506744,
        0.3770778775215149,
        0.9671295285224915,
        0.21247726678848267,
        0.009843586944043636,
        1.153061866760254,
        0.021948426961898804,
        0.2846890389919281,
        0.026278089731931686
      ]
    ]
  },
  {
    "pose_idx": "000",
    "x_offset": 0.3,
    "z_rotation_deg": 60,
    "obj_pose": [
      [
        0.22080465258612753,
        -0.9297399223904652,
        0.2946675789931623,
        0.3
      ],
      [
        -0.8180139609255248,
        -0.34106601356595334,
        -0.463170739707469,
        0.0
      ],
      [
        0.531129424083485,
        -0.13877193917936406,
        -0.83584919917958,
        0.061770414679870475
      ],
      [
        0.0,
        0.0,
        0.0,
        1.0
      ]
    ],
    "qpos_list": [
      [
        -1.1283105611801147,
        0.110102578997612,
        -0.2717253863811493,
        0.7908746004104614,
        1.5387465953826904,
        -0.00288750440813601,
        -0.03306791931390762,
        0.6432539820671082,
        0.13969434797763824,
        0.10441925376653671,
        0.1794055700302124,
        0.8097571730613708,
        0.08800565451383591,
        -0.031186677515506744,
        0.3770778775215149,
        0.9671295285224915,
        0.21247726678848267,
        0.009843586944043636,
        1.153061866760254,
        0.021948426961898804,
        0.2846890389919281,
        0.026278089731931686
      ],
      [
        -1.2104771137237549,
        0.3276370167732239,
        -0.3034535348415375,
        0.8043696284294128,
        1.561303734779358,
        -0.12734343111515045,
        0.07028864324092865,
        0.6205294728279114,
        0.19771818816661835,
        0.09126254171133041,
        0.2700639069080353,
        0.7830415368080139,
        0.08595030009746552,
        -0.04261283949017525,
        0.37687474489212036,
        0.918484091758728,
        0.21718190610408783,
        0.10715103149414062,
        1.2826107740402222,
        0.09363170713186264,
        0.2311413437128067,
        0.04532527178525925
      ]
    ]
  },
  {
    "pose_idx": "000",
    "x_offset": 0.3,
    "z_rotation_deg": 120,
    "obj_pose": [
      [
        0.8188231971048994,
        -0.16949812907962916,
        0.5484514163728791,
        0.3
      ],
      [
        -0.21778454204937867,
        -0.9757113984856918,
        0.023604239226001775,
        0.0
      ],
      [
        0.531129424083485,
        -0.13877193917936406,
        -0.83584919917958,
        0.061770414679870475
      ],
      [
        0.0,
        0.0,
        0.0,
        1.0
      ]
    ],
    "qpos_list": [
      [
        1.009303092956543,
        0.5608133673667908,
        -0.7965697050094604,
        -1.2747480869293213,
        1.7031505107879639,
        -0.3439621329307556,
        -0.1461353451013565,
        0.5449036955833435,
        0.1509103775024414,
        0.17808690667152405,
        0.10488596558570862,
        0.7103604674339294,
        0.04527115821838379,
        0.00025730227935127914,
        0.3630181550979614,
        0.9602892398834229,
        0.13256892561912537,
        -0.03671307489275932,
        1.2672978639602661,
        0.021527890115976334,
        0.36917823553085327,
        0.14161409437656403
      ]
    ]
  },
  {
    "pose_idx": "000",
    "x_offset": 0.3,
    "z_rotation_deg": 150,
    "obj_pose": [
      [
        0.8180139609255247,
        0.34106601356595345,
        0.46317073970746897,
        0.3
      ],
      [
        0.2208046525861277,
        -0.9297399223904651,
        0.2946675789931624,
        0.0
      ],
      [
        0.531129424083485,
        -0.13877193917936406,
        -0.83584919917958,
        0.061770414679870475
      ],
      [
        0.0,
        0.0,
        0.0,
        1.0
      ]
    ],
    "qpos_list": [
      [
        1.3040963411331177,
        0.38586097955703735,
        -0.3656066060066223,
        4.802704334259033,
        1.6297993659973145,
        -0.09801255911588669,
        -0.1461353451013565,
        0.5449036955833435,
        0.1509103775024414,
        0.17808690667152405,
        0.10488596558570862,
        0.7103604674339294,
        0.04527115821838379,
        0.00025730227935127914,
        0.3630181550979614,
        0.9602892398834229,
        0.13256892561912537,
        -0.03671307489275932,
        1.2672978639602661,
        0.021527890115976334,
        0.36917823553085327,
        0.14161409437656403
      ]
    ]
  },
  {
    "pose_idx": "000",
    "x_offset": 0.3,
    "z_rotation_deg": 180,
    "obj_pose": [
      [
        0.5980185445187719,
        0.7602417933108361,
        0.2537838373797168,
        0.3
      ],
      [
        0.6002294188761461,
        -0.6346453849197387,
        0.4867749789334708,
        0.0
      ],
      [
        0.531129424083485,
        -0.13877193917936406,
        -0.83584919917958,
        0.061770414679870475
      ],
      [
        0.0,
        0.0,
        0.0,
        1.0
      ]
    ],
    "qpos_list": [
      [
        0.7624815106391907,
        0.24999751150608063,
        -0.650967538356781,
        1.9171425104141235,
        -1.3739877939224243,
        -2.4690451622009277,
        0.001806636922992766,
        1.1018809080123901,
        0.19102294743061066,
        0.06804407387971878,
        0.13808391988277435,
        0.9949641823768616,
        0.44364267587661743,
        0.23936405777931213,
        0.3529568612575531,
        1.3924086093902588,
        0.3247346580028534,
        -0.043176960200071335,
        1.2842464447021484,
        0.09497418999671936,
        0.4939050078392029,
        0.02581283450126648
      ]
    ]
  },
  {
    "pose_idx": "000",
    "x_offset": 0.3,
    "z_rotation_deg": 210,
    "obj_pose": [
      [
        0.21778454204937847,
        0.975711398485692,
        -0.023604239226001966,
        0.3
      ],
      [
        0.8188231971048994,
        -0.16949812907962883,
        0.5484514163728791,
        0.0
      ],
      [
        0.531129424083485,
        -0.13877193917936406,
        -0.83584919917958,
        0.061770414679870475
      ],
      [
        0.0,
        0.0,
        0.0,
        1.0
      ]
    ],
    "qpos_list": [
      [
        0.8908595442771912,
        -0.04477904364466667,
        -0.20721416175365448,
        1.506083369255066,
        -1.2283772230148315,
        -2.3373777866363525,
        0.001806636922992766,
        1.1018809080123901,
        0.19102294743061066,
        0.06804407387971878,
        0.13808391988277435,
        0.9949641823768616,
        0.44364267587661743,
        0.23936405777931213,
        0.3529568612575531,
        1.3924086093902588,
        0.3247346580028534,
        -0.043176960200071335,
        1.2842464447021484,
        0.09497418999671936,
        0.4939050078392029,
        0.02581283450126648
      ]
    ]
  },
  {
    "pose_idx": "000",
    "x_offset": 0.3,
    "z_rotation_deg": 240,
    "obj_pose": [
      [
        -0.22080465258612716,
        0.9297399223904653,
        -0.2946675789931621,
        0.3
      ],
      [
        0.8180139609255249,
        0.3410660135659529,
        0.46317073970746914,
        0.0
      ],
      [
        0.531129424083485,
        -0.13877193917936406,
        -0.83584919917958,
        0.061770414679870475
      ],
      [
        0.0,
        0.0,
        0.0,
        1.0
      ]
    ],
    "qpos_list": [
      [
        -1.2466269731521606,
        0.4140886068344116,
        -0.45015719532966614,
        0.681689441204071,
        1.6596465110778809,
        -0.09547412395477295,
        -0.1461353451013565,
        0.5449036955833435,
        0.1509103775024414,
        0.17808690667152405,
        0.10488596558570862,
        0.7103604674339294,
        0.04527115821838379,
        0.00025730227935127914,
        0.3630181550979614,
        0.9602892398834229,
        0.13256892561912537,
        -0.03671307489275932,
        1.2672978639602661,
        0.021527890115976334,
        0.36917823553085327,
        0.14161409437656403
      ],
      [
        -1.0703152418136597,
        -0.06027882173657417,
        -0.18582817912101746,
        -1.375472068786621,
        -0.9886687397956848,
        -0.7445107102394104,
        -0.027419298887252808,
        0.9249743223190308,
        0.3796722888946533,
        0.14275111258029938,
        0.09445276111364365,
        1.004955768585205,
        0.24631650745868683,
        0.12168782949447632,
        0.23833389580249786,
        1.0539435148239136,
        0.29945340752601624,
        0.15182632207870483,
        1.2429431676864624,
        0.021641859784722328,
        0.535453200340271,
        0.1493484079837799
      ]
    ]
  },
  {
    "pose_idx": "000",
    "x_offset": 0.3,
    "z_rotation_deg": 270,
    "obj_pose": [
      [
        -0.6002294188761461,
        0.6346453849197387,
        -0.4867749789334708,
        0.3
      ],
      [
        0.5980185445187719,
        0.7602417933108361,
        0.2537838373797169,
        0.0
      ],
      [
        0.531129424083485,
        -0.13877193917936406,
        -0.83584919917958,
        0.061770414679870475
      ],
      [
        0.0,
        0.0,
        0.0,
        1.0
      ]
    ],
    "qpos_list": [
      [
        -0.8286478519439697,
        -0.22576726973056793,
        -0.006826433818787336,
        -1.4269708395004272,
        -1.2128654718399048,
        -1.8302844762802124,
        0.001806636922992766,
        1.1018809080123901,
        0.19102294743061066,
        0.06804407387971878,
        0.13808391988277435,
        0.9949641823768616,
        0.44364267587661743,
        0.23936405777931213,
        0.3529568612575531,
        1.3924086093902588,
        0.3247346580028534,
        -0.043176960200071335,
        1.2842464447021484,
        0.09497418999671936,
        0.4939050078392029,
        0.02581283450126648
      ],
      [
        -0.6394689083099365,
        -0.28354164958000183,
        -0.43611133098602295,
        1.3780957460403442,
        1.032831072807312,
        -3.3256068229675293,
        -0.027419298887252808,
        0.9249743223190308,
        0.3796722888946533,
        0.14275111258029938,
        0.09445276111364365,
        1.004955768585205,
        0.24631650745868683,
        0.12168782949447632,
        0.23833389580249786,
        1.0539435148239136,
        0.29945340752601624,
        0.15182632207870483,
        1.2429431676864624,
        0.021641859784722328,
        0.535453200340271,
        0.1493484079837799
      ]
    ]
  },
  {
    "pose_idx": "000",
    "x_offset": 0.3,
    "z_rotation_deg": 300,
    "obj_pose": [
      [
        -0.8188231971048994,
        0.16949812907962883,
        -0.5484514163728791,
        0.3
      ],
      [
        0.21778454204937847,
        0.975711398485692,
        -0.023604239226001966,
        0.0
      ],
      [
        0.531129424083485,
        -0.13877193917936406,
        -0.83584919917958,
        0.061770414679870475
      ],
      [
        0.0,
        0.0,
        0.0,
        1.0
      ]
    ],
    "qpos_list": [
      [
        0.8874983191490173,
        0.35499104857444763,
        -0.6785145998001099,
        -1.3365451097488403,
        1.4956657886505127,
        -0.43661218881607056,
        -0.03306791931390762,
        0.6432539820671082,
        0.13969434797763824,
        0.10441925376653671,
        0.1794055700302124,
        0.8097571730613708,
        0.08800565451383591,
        -0.031186677515506744,
        0.3770778775215149,
        0.9671295285224915,
        0.21247726678848267,
        0.009843586944043636,
        1.153061866760254,
        0.021948426961898804,
        0.2846890389919281,
        0.026278089731931686
      ],
      [
        0.8976781368255615,
        0.5539042353630066,
        -0.8290318250656128,
        -1.2886654138565063,
        1.6567537784576416,
        -0.37390366196632385,
        0.07028864324092865,
        0.6205294728279114,
        0.19771818816661835,
        0.09126254171133041,
        0.2700639069080353,
        0.7830415368080139,
        0.08595030009746552,
        -0.04261283949017525,
        0.37687474489212036,
        0.918484091758728,
        0.21718190610408783,
        0.10715103149414062,
        1.2826107740402222,
        0.09363170713186264,
        0.2311413437128067,
        0.04532527178525925
      ],
      [
        -0.7463831901550293,
        -0.6512817740440369,
        -0.20467939972877502,
        1.1931140422821045,
        1.5222787857055664,
        -4.3835673332214355,
        0.001806636922992766,
        1.1018809080123901,
        0.19102294743061066,
        0.06804407387971878,
        0.13808391988277435,
        0.9949641823768616,
        0.44364267587661743,
        0.23936405777931213,
        0.3529568612575531,
        1.3924086093902588,
        0.3247346580028534,
        -0.043176960200071335,
        1.2842464447021484,
        0.09497418999671936,
        0.4939050078392029,
        0.02581283450126648
      ],
      [
        -0.5403156280517578,
        0.017455046996474266,
        -0.7652247548103333,
        1.0894484519958496,
        1.309195637702942,
        -3.3987362384796143,
        -0.027419298887252808,
        0.9249743223190308,
        0.3796722888946533,
        0.14275111258029938,
        0.09445276111364365,
        1.004955768585205,
        0.24631650745868683,
        0.12168782949447632,
        0.23833389580249786,
        1.0539435148239136,
        0.29945340752601624,
        0.15182632207870483,
        1.2429431676864624,
        0.021641859784722328,
        0.535453200340271,
        0.1493484079837799
      ]
    ]
  },
  {
    "pose_idx": "000",
    "x_offset": 0.3,
    "z_rotation_deg": 330,
    "obj_pose": [
      [
        -0.8180139609255249,
        -0.3410660135659529,
        -0.46317073970746914,
        0.3
      ],
      [
        -0.22080465258612716,
        0.9297399223904653,
        -0.2946675789931621,
        0.0
      ],
      [
        0.531129424083485,
        -0.13877193917936406,
        -0.83584919917958,
        0.061770414679870475
      ],
      [
        0.0,
        0.0,
        0.0,
        1.0
      ]
    ],
    "qpos_list": [
      [
        1.145477056503296,
        0.36711516976356506,
        -0.4134783446788788,
        -1.5524319410324097,
        1.578919529914856,
        -0.1562793105840683,
        0.07028864324092865,
        0.6205294728279114,
        0.19771818816661835,
        0.09126254171133041,
        0.2700639069080353,
        0.7830415368080139,
        0.08595030009746552,
        -0.04261283949017525,
        0.37687474489212036,
        0.918484091758728,
        0.21718190610408783,
        0.10715103149414062,
        1.2826107740402222,
        0.09363170713186264,
        0.2311413437128067,
        0.04532527178525925
      ],
      [
        1.0929558277130127,
        0.10388273745775223,
        -0.2584438621997833,
        4.617072582244873,
        1.4089568853378296,
        -0.27427491545677185,
        -0.03306791931390762,
        0.6432539820671082,
        0.13969434797763824,
        0.10441925376653671,
        0.1794055700302124,
        0.8097571730613708,
        0.08800565451383591,
        -0.031186677515506744,
        0.3770778775215149,
        0.9671295285224915,
        0.21247726678848267,
        0.009843586944043636,
        1.153061866760254,
        0.021948426961898804,
        0.2846890389919281,
        0.026278089731931686
      ]
    ]
  },
  {
    "pose_idx": "000",
    "x_offset": 0.35,
    "z_rotation_deg": 0,
    "obj_pose": [
      [
        -0.5980185445187718,
        -0.7602417933108362,
        -0.25378383737971677,
        0.35
      ],
      [
        -0.6002294188761462,
        0.6346453849197385,
        -0.4867749789334709,
        0.0
      ],
      [
        0.531129424083485,
        -0.13877193917936406,
        -0.83584919917958,
        0.061770414679870475
      ],
      [
        0.0,
        0.0,
        0.0,
        1.0
      ]
    ],
    "qpos_list": [
      [
        1.0470126867294312,
        0.2875164747238159,
        -0.05754714831709862,
        4.122844696044922,
        1.7076350450515747,
        0.08070497959852219,
        0.07028864324092865,
        0.6205294728279114,
        0.19771818816661835,
        0.09126254171133041,
        0.2700639069080353,
        0.7830415368080139,
        0.08595030009746552,
        -0.04261283949017525,
        0.37687474489212036,
        0.918484091758728,
        0.21718190610408783,
        0.10715103149414062,
        1.2826107740402222,
        0.09363170713186264,
        0.2311413437128067,
        0.04532527178525925
      ]
    ]
  },
  {
    "pose_idx": "000",
    "x_offset": 0.35,
    "z_rotation_deg": 60,
    "obj_pose": [
      [
        0.22080465258612753,
        -0.9297399223904652,
        0.2946675789931623,
        0.35
      ],
      [
        -0.8180139609255248,
        -0.34106601356595334,
        -0.463170739707469,
        0.0
      ],
      [
        0.531129424083485,
        -0.13877193917936406,
        -0.83584919917958,
        0.061770414679870475
      ],
      [
        0.0,
        0.0,
        0.0,
        1.0
      ]
    ],
    "qpos_list": [
      [
        -0.9479227066040039,
        0.15909631550312042,
        -0.35024404525756836,
        0.9670200347900391,
        1.5331586599349976,
        0.03994936868548393,
        -0.03306791931390762,
        0.6432539820671082,
        0.13969434797763824,
        0.10441925376653671,
        0.1794055700302124,
        0.8097571730613708,
        0.08800565451383591,
        -0.031186677515506744,
        0.3770778775215149,
        0.9671295285224915,
        0.21247726678848267,
        0.009843586944043636,
        1.153061866760254,
        0.021948426961898804,
        0.2846890389919281,
        0.026278089731931686
      ],
      [
        -1.0147461891174316,
        0.350137859582901,
