[
  {
    "pose_idx": "000",
    "x_offset": 0.2,
    "z_rotation_deg": 60,
    "obj_pose": [
      [
        -0.060602419623312184,
        -0.3083731114022741,
        0.949333119036664,
        0.2
      ],
      [
        0.10842034564926932,
        0.9434203569540494,
        0.31337367268803396,
        0.0
      ],
      [
        -0.9922562045082375,
        0.12191822771339278,
        -0.023739637026129135,
        0.05240399430418409
      ],
      [
        0.0,
        0.0,
        0.0,
        1.0
      ]
    ],
    "qpos_list": [
      [
        1.4934146404266357,
        1.245009183883667,
        -0.5225778818130493,
        2.208601236343384,
        -1.6707172393798828,
        -2.0556230545043945,
        0.03330522030591965,
        0.9882662296295166,
        0.19955094158649445,
        0.46229562163352966,
        0.25319579243659973,
        0.7811675667762756,
        1.0799808502197266,
        0.21792079508304596,
        0.39929693937301636,
        0.5354465246200562,
        1.2696563005447388,
        0.9242098927497864,
        0.8385244011878967,
        0.29421812295913696,
        0.9484002590179443,
        0.02846040390431881
      ]
    ]
  },
  {
    "pose_idx": "000",
    "x_offset": 0.2,
    "z_rotation_deg": 120,
    "obj_pose": [
      [
        -0.12419598343101294,
        -0.9712125512707268,
        0.20327699809326502,
        0.2
      ],
      [
        0.0017269379000417501,
        0.2046512301586067,
        0.9788334340836843,
        0.0
      ],
      [
        -0.9922562045082375,
        0.12191822771339278,
        -0.023739637026129135,
        0.05240399430418409
      ],
      [
        0.0,
        0.0,
        0.0,
        1.0
      ]
    ],
    "qpos_list": [
      [
        1.2956794500350952,
        0.3585353195667267,
        -0.33722996711730957,
        2.38433575630188,
        -1.3203911781311035,
        -2.121971607208252,
        -0.031128495931625366,
        0.716058611869812,
        0.6566357612609863,
        0.4178016185760498,
        0.1327475905418396,
        1.1536797285079956,
        0.20846177637577057,
        0.038753218948841095,
        0.3308091163635254,
        1.3502883911132812,
        0.37883657217025757,
        -0.042872343212366104,
        1.2830266952514648,
        0.0846472680568695,
        0.5776966214179993,
        0.515865683555603
      ]
    ]
  },
  {
    "pose_idx": "000",
    "x_offset": 0.2,
    "z_rotation_deg": 150,
    "obj_pose": [
      [
        -0.1084203456492693,
        -0.9434203569540494,
        -0.31337367268803407,
        0.2
      ],
      [
        -0.06060241962331221,
        -0.30837311140227425,
        0.949333119036664,
        0.0
      ],
      [
        -0.9922562045082375,
        0.12191822771339278,
        -0.023739637026129135,
        0.05240399430418409
      ],
      [
        0.0,
        0.0,
        0.0,
        1.0
      ]
    ],
    "qpos_list": [
      [
        1.1827503442764282,
        0.3574439585208893,
        -0.5670832991600037,
        2.2767717838287354,
        -1.4488952159881592,
        -2.570854425430298,
        -0.07440543174743652,
        0.6262063384056091,
        0.012462439946830273,
        0.20790623128414154,
        0.17628683149814606,
        0.7481870651245117,
        0.12974007427692413,
        0.09773340821266174,
        0.3791804611682892,
        0.8189661502838135,
        0.15860186517238617,
        0.05328806862235069,
        1.0599205493927002,
        0.021078435704112053,
        0.43107160925865173,
        0.20254269242286682
      ],
      [
        -1.4956239461898804,
        0.6061681509017944,
        -0.4452876150608063,
        0.5558117628097534,
        1.9211314916610718,
        0.3460162878036499,
        0.03330522030591965,
        0.9882662296295166,
        0.19955094158649445,
        0.46229562163352966,
        0.25319579243659973,
        0.7811675667762756,
        1.0799808502197266,
        0.21792079508304596,
        0.39929693937301636,
        0.5354465246200562,
        1.2696563005447388,
        0.9242098927497864,
        0.8385244011878967,
        0.29421812295913696,
        0.9484002590179443,
        0.02846040390431881
      ]
    ]
  },
  {
    "pose_idx": "000",
    "x_offset": 0.2,
    "z_rotation_deg": 240,
    "obj_pose": [
      [
        0.06060241962331214,
        0.3083731114022737,
        -0.9493331190366641,
        0.2
      ],
      [
        -0.10842034564926933,
        -0.9434203569540495,
        -0.3133736726880335,
        0.0
      ],
      [
        -0.9922562045082375,
        0.12191822771339278,
        -0.023739637026129135,
        0.05240399430418409
      ],
      [
        0.0,
        0.0,
        0.0,
        1.0
      ]
    ],
    "qpos_list": [
      [
        1.052953839302063,
        0.40952157974243164,
        -0.6526109576225281,
        2.3238487243652344,
        -1.52183997631073,
        -2.412850856781006,
        0.17173542082309723,
        0.37110498547554016,
        0.2020311802625656,
        0.2091718465089798,
        0.011034681461751461,
        0.7187633514404297,
        0.05965758487582207,
        0.0070026954635977745,
        0.23586302995681763,
        0.876508355140686,
        0.1658717393875122,
        -0.013109046034514904,
        1.2828575372695923,
        0.05313318967819214,
        0.16134777665138245,
        0.08211547881364822
      ],
      [
        -1.180189609527588,
        -0.4028739929199219,
        -0.19393150508403778,
        0.9310211539268494,
        1.6923847198486328,
        1.4866294860839844,
        -0.031128495931625366,
        0.716058611869812,
        0.6566357612609863,
        0.4178016185760498,
        0.1327475905418396,
        1.1536797285079956,
        0.20846177637577057,
        0.038753218948841095,
        0.3308091163635254,
        1.3502883911132812,
        0.37883657217025757,
        -0.042872343212366104,
        1.2830266952514648,
        0.0846472680568695,
        0.5776966214179993,
        0.515865683555603
      ]
    ]
  },
  {
    "pose_idx": "000",
    "x_offset": 0.2,
    "z_rotation_deg": 270,
    "obj_pose": [
      [
        0.10669340774922757,
        0.7387691267954427,
        -0.6654597613956506,
        0.2
      ],
      [
        -0.06359356380770077,
        -0.6628394398684528,
        -0.746056120943399,
        0.0
      ],
      [
        -0.9922562045082375,
        0.12191822771339278,
        -0.023739637026129135,
        0.05240399430418409
      ],
      [
        0.0,
        0.0,
        0.0,
        1.0
      ]
    ],
    "qpos_list": [
      [
        1.488235354423523,
        0.24167603254318237,
        -0.2863169014453888,
        2.2189881801605225,
        -1.3840998411178589,
        -2.2685837745666504,
        0.17173542082309723,
        0.37110498547554016,
        0.2020311802625656,
        0.2091718465089798,
        0.011034681461751461,
        0.7187633514404297,
        0.05965758487582207,
        0.0070026954635977745,
        0.23586302995681763,
        0.876508355140686,
        0.1658717393875122,
        -0.013109046034514904,
        1.2828575372695923,
        0.05313318967819214,
        0.16134777665138245,
        0.08211547881364822
      ],
      [
        -1.521086573600769,
        -0.6106835603713989,
        -0.14789538085460663,
        0.616986095905304,
        1.9495325088500977,
        -5.12404727935791,
        -0.07440543174743652,
        0.6262063384056091,
        0.012462439946830273,
        0.20790623128414154,
        0.17628683149814606,
        0.7481870651245117,
        0.12974007427692413,
        0.09773340821266174,
        0.3791804611682892,
        0.8189661502838135,
        0.15860186517238617,
        0.05328806862235069,
        1.0599205493927002,
        0.021078435704112053,
        0.43107160925865173,
        0.20254269242286682
      ]
    ]
  },
  {
    "pose_idx": "000",
    "x_offset": 0.25,
    "z_rotation_deg": 0,
    "obj_pose": [
      [
        0.06359356380770076,
        0.6628394398684527,
        0.7460561209433991,
        0.25
      ],
      [
        0.10669340774922759,
        0.7387691267954428,
        -0.6654597613956504,
        0.0
      ],
      [
        -0.9922562045082375,
        0.12191822771339278,
        -0.023739637026129135,
        0.05240399430418409
      ],
      [
        0.0,
        0.0,
        0.0,
        1.0
      ]
    ],
    "qpos_list": [
      [
        -1.35695481300354,
        0.20871977508068085,
        -0.20803876221179962,
        -2.204127550125122,
        -1.356881022453308,
        -2.2327322959899902,
        0.17173542082309723,
        0.37110498547554016,
        0.2020311802625656,
        0.2091718465089798,
        0.011034681461751461,
        0.7187633514404297,
        0.05965758487582207,
        0.0070026954635977745,
        0.23586302995681763,
        0.876508355140686,
        0.1658717393875122,
        -0.013109046034514904,
        1.2828575372695923,
        0.05313318967819214,
        0.16134777665138245,
        0.08211547881364822
      ]
    ]
  },
  {
    "pose_idx": "000",
    "x_offset": 0.25,
    "z_rotation_deg": 120,
    "obj_pose": [
      [
        -0.12419598343101294,
        -0.9712125512707268,
        0.20327699809326502,
        0.25
      ],
      [
        0.0017269379000417501,
        0.2046512301586067,
        0.9788334340836843,
        0.0
      ],
      [
        -0.9922562045082375,
        0.12191822771339278,
        -0.023739637026129135,
        0.05240399430418409
      ],
      [
        0.0,
        0.0,
        0.0,
        1.0
      ]
    ],
    "qpos_list": [
      [
        1.0556493997573853,
        -0.4156159460544586,
        -0.18265889585018158,
        -0.9608532190322876,
        1.6775528192520142,
        0.509967565536499,
        -0.031128495931625366,
        0.716058611869812,
        0.6566357612609863,
        0.4178016185760498,
        0.1327475905418396,
        1.1536797285079956,
        0.20846177637577057,
        0.038753218948841095,
        0.3308091163635254,
        1.3502883911132812,
        0.37883657217025757,
        -0.042872343212366104,
        1.2830266952514648,
        0.0846472680568695,
        0.5776966214179993,
        0.515865683555603
      ]
    ]
  },
  {
    "pose_idx": "000",
    "x_offset": 0.25,
    "z_rotation_deg": 150,
    "obj_pose": [
      [
        -0.1084203456492693,
        -0.9434203569540494,
        -0.31337367268803407,
        0.25
      ],
      [
        -0.06060241962331221,
        -0.30837311140227425,
        0.949333119036664,
        0.0
      ],
      [
        -0.9922562045082375,
        0.12191822771339278,
        -0.023739637026129135,
        0.05240399430418409
      ],
      [
        0.0,
        0.0,
        0.0,
        1.0
      ]
    ],
    "qpos_list": [
      [
        1.0222198963165283,
        -0.23272903263568878,
        -0.41876915097236633,
        -1.0074923038482666,
        1.6584415435791016,
        0.17666219174861908,
        -0.07440543174743652,
        0.6262063384056091,
        0.012462439946830273,
        0.20790623128414154,
        0.17628683149814606,
        0.7481870651245117,
        0.12974007427692413,
        0.09773340821266174,
        0.3791804611682892,
        0.8189661502838135,
        0.15860186517238617,
        0.05328806862235069,
        1.0599205493927002,
        0.021078435704112053,
        0.43107160925865173,
        0.20254269242286682
      ]
    ]
  },
  {
    "pose_idx": "000",
    "x_offset": 0.25,
    "z_rotation_deg": 180,
    "obj_pose": [
      [
        -0.06359356380770077,
        -0.6628394398684528,
        -0.746056120943399,
        0.25
      ],
      [
        -0.10669340774922757,
        -0.7387691267954427,
        0.6654597613956506,
        0.0
      ],
      [
        -0.9922562045082375,
        0.12191822771339278,
        -0.023739637026129135,
        0.05240399430418409
      ],
      [
        0.0,
        0.0,
        0.0,
        1.0
      ]
    ],
    "qpos_list": [
      [
        1.3232749700546265,
        -0.8666634559631348,
        0.029740488156676292,
        -1.1868622303009033,
        1.6081408262252808,
        -0.05669461563229561,
        -0.07440543174743652,
        0.6262063384056091,
        0.012462439946830273,
        0.20790623128414154,
        0.17628683149814606,
        0.7481870651245117,
        0.12974007427692413,
        0.09773340821266174,
        0.3791804611682892,
        0.8189661502838135,
        0.15860186517238617,
        0.05328806862235069,
        1.0599205493927002,
        0.021078435704112053,
        0.43107160925865173,
        0.20254269242286682
      ]
    ]
  },
  {
    "pose_idx": "000",
    "x_offset": 0.25,
    "z_rotation_deg": 210,
    "obj_pose": [
      [
        -0.0017269379000417076,
        -0.20465123015860634,
        -0.9788334340836845,
        0.25
      ],
      [
        -0.12419598343101296,
        -0.9712125512707269,
        0.20327699809326472,
        0.0
      ],
      [
        -0.9922562045082375,
        0.12191822771339278,
        -0.023739637026129135,
        0.05240399430418409
      ],
      [
        0.0,
        0.0,
        0.0,
        1.0
      ]
    ],
    "qpos_list": [
      [
        -1.333845615386963,
        0.2933216691017151,
        -0.049408361315727234,
        4.534718990325928,
        -1.2848925590515137,
        -2.3839330673217773,
        -0.031128495931625366,
        0.716058611869812,
        0.6566357612609863,
        0.4178016185760498,
        0.1327475905418396,
        1.1536797285079956,
        0.20846177637577057,
        0.038753218948841095,
        0.3308091163635254,
        1.3502883911132812,
        0.37883657217025757,
        -0.042872343212366104,
        1.2830266952514648,
        0.0846472680568695,
        0.5776966214179993,
        0.515865683555603
      ]
    ]
  },
  {
    "pose_idx": "000",
    "x_offset": 0.25,
    "z_rotation_deg": 240,
    "obj_pose": [
      [
        0.06060241962331214,
        0.3083731114022737,
        -0.9493331190366641,
        0.25
      ],
      [
        -0.10842034564926933,
        -0.9434203569540495,
        -0.3133736726880335,
        0.0
      ],
      [
        -0.9922562045082375,
        0.12191822771339278,
        -0.023739637026129135,
        0.05240399430418409
      ],
      [
        0.0,
        0.0,
        0.0,
        1.0
      ]
    ],
    "qpos_list": [
      [
        -1.0218684673309326,
        0.4155783951282501,
        -0.49825721979141235,
        4.242944240570068,
        -1.3727521896362305,
        -2.061235189437866,
        -0.031128495931625366,
        0.716058611869812,
        0.6566357612609863,
        0.4178016185760498,
        0.1327475905418396,
        1.1536797285079956,
        0.20846177637577057,
        0.038753218948841095,
        0.3308091163635254,
        1.3502883911132812,
        0.37883657217025757,
        -0.042872343212366104,
        1.2830266952514648,
        0.0846472680568695,
        0.5776966214179993,
        0.515865683555603
      ],
      [
        0.9186185598373413,
        0.46362364292144775,
        -0.7680239081382751,
        2.197495698928833,
        -1.5327759981155396,
        -2.4832046031951904,
        0.17173542082309723,
        0.37110498547554016,
        0.2020311802625656,
        0.2091718465089798,
        0.011034681461751461,
        0.7187633514404297,
        0.05965758487582207,
        0.0070026954635977745,
        0.23586302995681763,
        0.876508355140686,
        0.1658717393875122,
        -0.013109046034514904,
        1.2828575372695923,
        0.05313318967819214,
        0.16134777665138245,
        0.08211547881364822
      ]
    ]
  },
  {
    "pose_idx": "000",
    "x_offset": 0.25,
    "z_rotation_deg": 270,
    "obj_pose": [
      [
        0.10669340774922757,
        0.7387691267954427,
        -0.6654597613956506,
        0.25
      ],
      [
        -0.06359356380770077,
        -0.6628394398684528,
        -0.746056120943399,
        0.0
      ],
      [
        -0.9922562045082375,
        0.12191822771339278,
        -0.023739637026129135,
        0.05240399430418409
      ],
      [
        0.0,
        0.0,
        0.0,
        1.0
      ]
    ],
    "qpos_list": [
      [
        1.258821725845337,
        0.25784799456596375,
        -0.32407498359680176,
        1.9946194887161255,
        -1.3841451406478882,
        -2.293940305709839,
        0.17173542082309723,
        0.37110498547554016,
        0.2020311802625656,
        0.2091718465089798,
        0.011034681461751461,
        0.7187633514404297,
        0.05965758487582207,
        0.0070026954635977745,
        0.23586302995681763,
        0.876508355140686,
        0.1658717393875122,
        -0.013109046034514904,
        1.2828575372695923,
        0.05313318967819214,
        0.16134777665138245,
        0.08211547881364822
      ],
      [
        -1.2749152183532715,
        -0.5728599429130554,
        -0.15766936540603638,
        0.8329182267189026,
        1.8180599212646484,
        1.270694613456726,
        -0.07440543174743652,
        0.6262063384056091,
        0.012462439946830273,
        0.20790623128414154,
        0.17628683149814606,
        0.7481870651245117,
        0.12974007427692413,
        0.09773340821266174,
        0.3791804611682892,
        0.8189661502838135,
        0.15860186517238617,
        0.05328806862235069,
        1.0599205493927002,
        0.021078435704112053,
        0.43107160925865173,
        0.20254269242286682
      ]
    ]
  },
  {
    "pose_idx": "000",
    "x_offset": 0.3,
    "z_rotation_deg": 0,
    "obj_pose": [
      [
        0.06359356380770076,
        0.6628394398684527,
        0.7460561209433991,
        0.3
      ],
      [
        0.10669340774922759,
        0.7387691267954428,
        -0.6654597613956504,
        0.0
      ],
      [
        -0.9922562045082375,
        0.12191822771339278,
        -0.023739637026129135,
        0.05240399430418409
      ],
      [
        0.0,
        0.0,
        0.0,
        1.0
      ]
    ],
    "qpos_list": [
      [
        -1.111675500869751,
        0.2341429889202118,
        -0.2689398229122162,
        4.317473411560059,
        -1.370558261871338,
        -2.199306011199951,
        0.17173542082309723,
        0.37110498547554016,
        0.2020311802625656,
        0.2091718465089798,
        0.011034681461751461,
        0.7187633514404297,
        0.05965758487582207,
        0.0070026954635977745,
        0.23586302995681763,
        0.876508355140686,
        0.1658717393875122,
        -0.013109046034514904,
        1.2828575372695923,
        0.05313318967819214,
        0.16134777665138245,
        0.08211547881364822
      ]
    ]
  },
  {
    "pose_idx": "000",
    "x_offset": 0.3,
    "z_rotation_deg": 120,
    "obj_pose": [
      [
        -0.12419598343101294,
        -0.9712125512707268,
        0.20327699809326502,
        0.3
      ],
      [
        0.0017269379000417501,
        0.2046512301586067,
        0.9788334340836843,
        0.0
      ],
      [
        -0.9922562045082375,
        0.12191822771339278,
        -0.023739637026129135,
        0.05240399430418409
      ],
      [
        0.0,
        0.0,
        0.0,
        1.0
      ]
    ],
    "qpos_list": [
      [
        0.912675142288208,
        0.41891390085220337,
        -0.5071083903312683,
        2.022447109222412,
        -1.37372887134552,
        -2.218587636947632,
        -0.031128495931625366,
        0.716058611869812,
        0.6566357612609863,
        0.4178016185760498,
        0.1327475905418396,
        1.1536797285079956,
        0.20846177637577057,
        0.038753218948841095,
        0.3308091163635254,
        1.3502883911132812,
        0.37883657217025757,
        -0.042872343212366104,
        1.2830266952514648,
        0.0846472680568695,
        0.5776966214179993,
        0.515865683555603
      ]
    ]
  },
  {
    "pose_idx": "000",
    "x_offset": 0.3,
    "z_rotation_deg": 150,
    "obj_pose": [
      [
        -0.1084203456492693,
        -0.9434203569540494,
        -0.31337367268803407,
        0.3
      ],
      [
        -0.06060241962331221,
        -0.30837311140227425,
        0.949333119036664,
        0.0
      ],
      [
        -0.9922562045082375,
        0.12191822771339278,
        -0.023739637026129135,
        0.05240399430418409
      ],
      [
        0.0,
        0.0,
        0.0,
        1.0
      ]
    ],
    "qpos_list": [
      [
        0.9001835584640503,
        0.4586852788925171,
        -0.7817063331604004,
        2.0201807022094727,
        -1.4480563402175903,
        -2.7064285278320312,
        -0.07440543174743652,
        0.6262063384056091,
        0.012462439946830273,
        0.20790623128414154,
        0.17628683149814606,
        0.7481870651245117,
        0.12974007427692413,
        0.09773340821266174,
        0.3791804611682892,
        0.8189661502838135,
        0.15860186517238617,
        0.05328806862235069,
        1.0599205493927002,
        0.021078435704112053,
        0.43107160925865173,
        0.20254269242286682
      ]
    ]
  },
  {
    "pose_idx": "000",
    "x_offset": 0.3,
    "z_rotation_deg": 180,
    "obj_pose": [
      [
        -0.06359356380770077,
        -0.6628394398684528,
        -0.746056120943399,
        0.3
      ],
      [
        -0.10669340774922757,
        -0.7387691267954427,
        0.6654597613956506,
        0.0
      ],
      [
        -0.9922562045082375,
        0.12191822771339278,
        -0.023739637026129135,
        0.05240399430418409
      ],
      [
        0.0,
        0.0,
        0.0,
        1.0
      ]
    ],
    "qpos_list": [
      [
        1.157139778137207,
        0.2107163667678833,
        -0.25192925333976746,
        1.7071291208267212,
        -1.3204433917999268,
        -2.4486258029937744,
        -0.07440543174743652,
        0.6262063384056091,
        0.012462439946830273,
        0.20790623128414154,
        0.17628683149814606,
        0.7481870651245117,
        0.12974007427692413,
        0.09773340821266174,
        0.3791804611682892,
        0.8189661502838135,
        0.15860186517238617,
        0.05328806862235069,
        1.0599205493927002,
        0.021078435704112053,
        0.43107160925865173,
        0.20254269242286682
      ]
    ]
  },
  {
    "pose_idx": "000",
    "x_offset": 0.3,
    "z_rotation_deg": 210,
    "obj_pose": [
      [
        -0.0017269379000417076,
        -0.20465123015860634,
        -0.9788334340836845,
        0.3
      ],
      [
        -0.12419598343101296,
        -0.9712125512707269,
        0.20327699809326472,
        0.0
      ],
      [
        -0.9922562045082375,
        0.12191822771339278,
        -0.023739637026129135,
        0.05240399430418409
      ],
      [
        0.0,
        0.0,
        0.0,
        1.0
      ]
    ],
    "qpos_list": [
      [
        -0.999202311038971,
        0.3025439977645874,
        -0.12227848172187805,
        -1.4366923570632935,
        -1.3564120531082153,
        -2.320733070373535,
        -0.031128495931625366,
        0.716058611869812,
        0.6566357612609863,
        0.4178016185760498,
        0.1327475905418396,
        1.1536797285079956,
        0.20846177637577057,
        0.038753218948841095,
        0.3308091163635254,
        1.3502883911132812,
        0.37883657217025757,
        -0.042872343212366104,
        1.2830266952514648,
        0.0846472680568695,
        0.5776966214179993,
        0.515865683555603
      ]
    ]
  },
  {
    "pose_idx": "000",
    "x_offset": 0.3,
    "z_rotation_deg": 240,
    "obj_pose": [
      [
        0.06060241962331214,
        0.3083731114022737,
        -0.9493331190366641,
        0.3
      ],
      [
        -0.10842034564926933,
        -0.9434203569540495,
        -0.3133736726880335,
        0.0
      ],
      [
        -0.9922562045082375,
        0.12191822771339278,
        -0.023739637026129135,
        0.05240399430418409
      ],
      [
        0.0,
        0.0,
        0.0,
        1.0
      ]
    ],
    "qpos_list": [
      [
        -0.8074833154678345,
        -0.19161489605903625,
        -0.36924779415130615,
        1.245618462562561,
        1.4960212707519531,
        -4.733780384063721,
        -0.031128495931625366,
        0.716058611869812,
        0.6566357612609863,
        0.4178016185760498,
        0.1327475905418396,
        1.1536797285079956,
        0.20846177637577057,
        0.038753218948841095,
        0.3308091163635254,
        1.3502883911132812,
        0.37883657217025757,
        -0.042872343212366104,
        1.2830266952514648,
        0.0846472680568695,
        0.5776966214179993,
        0.515865683555603
      ],
      [
        0.8067084550857544,
        0.5314249396324158,
        -0.9113278985023499,
        2.0947654247283936,
        -1.5423163175582886,
        -2.566929340362549,
        0.17173542082309723,
        0.37110498547554016,
        0.2020311802625656,
        0.2091718465089798,
        0.011034681461751461,
        0.7187633514404297,
        0.05965758487582207,
        0.0070026954635977745,
        0.23586302995681763,
        0.876508355140686,
        0.1658717393875122,
        -0.013109046034514904,
        1.2828575372695923,
        0.05313318967819214,
        0.16134777665138245,
        0.08211547881364822
      ]
    ]
  },
  {
    "pose_idx": "000",
    "x_offset": 0.3,
    "z_rotation_deg": 270,
    "obj_pose": [
      [
        0.10669340774922757,
        0.7387691267954427,
        -0.6654597613956506,
        0.3
      ],
      [
        -0.06359356380770077,
        -0.6628394398684528,
        -0.746056120943399,
        0.0
      ],
      [
        -0.9922562045082375,
        0.12191822771339278,
        -0.023739637026129135,
        0.05240399430418409
      ],
      [
        0.0,
        0.0,
        0.0,
        1.0
      ]
    ],
    "qpos_list": [
      [
        1.0593990087509155,
        0.29210740327835083,
        -0.40220963954925537,
        1.8048349618911743,
        -1.3816578388214111,
        -2.3417608737945557,
        0.17173542082309723,
        0.37110498547554016,
        0.2020311802625656,
        0.2091718465089798,
        0.011034681461751461,
        0.7187633514404297,
        0.05965758487582207,
        0.0070026954635977745,
        0.23586302995681763,
        0.876508355140686,
        0.1658717393875122,
        -0.013109046034514904,
        1.2828575372695923,
        0.05313318967819214,
        0.16134777665138245,
        0.08211547881364822
      ],
      [
        -1.042301058769226,
        -0.47788316011428833,
        -0.21189506351947784,
        1.0200309753417969,
        1.6725821495056152,
        1.3301430940628052,
        -0.07440543174743652,
        0.6262063384056091,
        0.012462439946830273,
        0.20790623128414154,
        0.17628683149814606,
        0.7481870651245117,
        0.12974007427692413,
        0.09773340821266174,
        0.3791804611682892,
        0.8189661502838135,
        0.15860186517238617,
        0.05328806862235069,
        1.0599205493927002,
        0.021078435704112053,
        0.43107160925865173,
        0.20254269242286682
      ]
    ]
  },
  {
    "pose_idx": "000",
    "x_offset": 0.35,
    "z_rotation_deg": 0,
    "obj_pose": [
      [
        0.06359356380770076,
        0.6628394398684527,
        0.7460561209433991,
        0.35
      ],
      [
        0.10669340774922759,
        0.7387691267954428,
        -0.6654597613956504,
        0.0
      ],
      [
        -0.9922562045082375,
        0.12191822771339278,
        -0.023739637026129135,
        0.05240399430418409
      ],
      [
        0.0,
        0.0,
        0.0,
        1.0
      ]
    ],
    "qpos_list": [
      [
        -0.8174231648445129,
        -0.5275678634643555,
        -0.15710583329200745,
        1.3631503582000732,
        1.4644172191619873,
        -4.688058853149414,
        0.17173542082309723,
        0.37110498547554016,
        0.2020311802625656,
        0.2091718465089798,
        0.011034681461751461,
        0.7187633514404297,
        0.05965758487582207,
        0.0070026954635977745,
        0.23586302995681763,
        0.876508355140686,
        0.1658717393875122,
        -0.013109046034514904,
        1.2828575372695923,
        0.05313318967819214,
        0.16134777665138245,
        0.08211547881364822
      ]
    ]
  },
  {
    "pose_idx": "000",
    "x_offset": 0.35,
    "z_rotation_deg": 120,
    "obj_pose": [
      [
        -0.12419598343101294,
        -0.9712125512707268,
        0.20327699809326502,
        0.35
      ],
      [
        0.0017269379000417501,
        0.2046512301586067,
        0.9788334340836843,
        0.0
      ],
      [
        -0.9922562045082375,
        0.12191822771339278,
        -0.023739637026129135,
        0.05240399430418409
      ],
      [
        0.0,
        0.0,
        0.0,
        1.0
      ]
    ],
    "qpos_list": [
      [
        0.7760922908782959,
        0.4717867374420166,
        -0.64100182056427,
        1.9025163650512695,
        -1.388391375541687,
        -2.3014743328094482,
        -0.031128495931625366,
        0.716058611869812,
        0.6566357612609863,
        0.4178016185760498,
        0.1327475905418396,
        1.1536797285079956,
        0.20846177637577057,
        0.038753218948841095,
        0.3308091163635254,
        1.3502883911132812,
        0.37883657217025757,
        -0.042872343212366104,
        1.2830266952514648,
        0.0846472680568695,
        0.5776966214179993,
        0.515865683555603
      ]
    ]
  },
  {
    "pose_idx": "000",
    "x_offset": 0.35,
    "z_rotation_deg": 150,
    "obj_pose": [
      [
        -0.1084203456492693,
        -0.9434203569540494,
        -0.31337367268803407,
        0.35
      ],
      [
        -0.06060241962331221,
        -0.30837311140227425,
        0.949333119036664,
        0.0
      ],
      [
        -0.9922562045082375,
        0.12191822771339278,
        -0.023739637026129135,
        0.05240399430418409
      ],
      [
        0.0,
        0.0,
        0.0,
        1.0
      ]
    ],
    "qpos_list": [
      [
        0.43537989258766174,
        -0.6763657927513123,
        0.002834282349795103,
        4.402247905731201,
        1.0384035110473633,
        0.3475673198699951,
        -0.031128495931625366,
        0.716058611869812,
        0.6566357612609863,
        0.4178016185760498,
        0.1327475905418396,
        1.1536797285079956,
        0.20846177637577057,
        0.038753218948841095,
        0.3308091163635254,
        1.3502883911132812,
        0.37883657217025757,
        -0.042872343212366104,
        1.2830266952514648,
        0.0846472680568695,
        0.5776966214179993,
        0.515865683555603
      ],
      [
        0.7934697270393372,
        0.5298857092857361,
        -0.9309250116348267,
        1.9311480522155762,
        -1.4440263509750366,
        -2.7936112880706787,
        -0.07440543174743652,
        0.6262063384056091,
        0.012462439946830273,
        0.20790623128414154,
        0.17628683149814606,
        0.7481870651245117,
        0.12974007427692413,
        0.09773340821266174,
        0.3791804611682892,
        0.8189661502838135,
        0.15860186517238617,
        0.05328806862235069,
        1.0599205493927002,
        0.021078435704112053,
        0.43107160925865173,
        0.20254269242286682
      ]
    ]
  },
  {
    "pose_idx": "000",
    "x_offset": 0.35,
    "z_rotation_deg": 180,
    "obj_pose": [
      [
        -0.06359356380770077,
        -0.6628394398684528,
        -0.746056120943399,
        0.35
      ],
      [
        -0.10669340774922757,
        -0.7387691267954427,
        0.6654597613956506,
        0.0
      ],
      [
        -0.9922562045082375,
        0.12191822771339278,
        -0.023739637026129135,
        0.05240399430418409
      ],
      [
        0.0,
        0.0,
        0.0,
        1.0
      ]
    ],
    "qpos_list": [
      [
        -0.1258782595396042,
        0.33026760816574097,
        0.022183703258633614,
        -0.07910790294408798,
        -1.687268614768982,
        -2.165050983428955,
        -0.031128495931625366,
        0.716058611869812,
        0.6566357612609863,
        0.4178016185760498,
        0.1327475905418396,
        1.1536797285079956,
        0.20846177637577057,
        0.038753218948841095,
        0.3308091163635254,
        1.3502883911132812,
        0.37883657217025757,
        -0.042872343212366104,
        1.2830266952514648,
        0.0846472680568695,
        0.5776966214179993,
        0.515865683555603
      ],
      [
        0.956116795539856,
        0.2532501518726349,
        -0.3468143343925476,
        1.520279884338379,
        -1.3091914653778076,
        -2.503016233444214,
        -0.07440543174743652,
        0.6262063384056091,
        0.012462439946830273,
        0.20790623128414154,
        0.17628683149814606,
        0.7481870651245117,
        0.12974007427692413,
        0.09773340821266174,
        0.3791804611682892,
        0.8189661502838135,
        0.15860186517238617,
        0.05328806862235069,
        1.0599205493927002,
        0.021078435704112053,
        0.43107160925865173,
        0.20254269242286682
      ]
    ]
  },
  {
    "pose_idx": "000",
    "x_offset": 0.35,
    "z_rotation_deg": 210,
    "obj_pose": [
      [
        -0.0017269379000417076,
        -0.20465123015860634,
        -0.9788334340836845,
        0.35
      ],
      [
        -0.12419598343101296,
        -0.9712125512707269,
        0.20327699809326472,
        0.0
      ],
      [
        -0.9922562045082375,
        0.12191822771339278,
        -0.023739637026129135,
        0.05240399430418409
      ],
      [
        0.0,
        0.0,
        0.0,
        1.0
      ]
    ],
    "qpos_list": [
      [
        -0.7803571820259094,
        0.3296818137168884,
        -0.2407914251089096,
        -1.239922285079956,
        -1.3640072345733643,
        -2.223440170288086,
        -0.031128495931625366,
        0.716058611869812,
        0.6566357612609863,
        0.4178016185760498,
        0.1327475905418396,
        1.1536797285079956,
        0.20846177637577057,
        0.038753218948841095,
        0.3308091163635254,
        1.3502883911132812,
        0.37883657217025757,
        -0.042872343212366104,
        1.2830266952514648,
        0.0846472680568695,
        0.5776966214179993,
        0.515865683555603
      ]
    ]
  },
  {
    "pose_idx": "000",
    "x_offset": 0.35,
    "z_rotation_deg": 240,
    "obj_pose": [
      [
        0.06060241962331214,
        0.3083731114022737,
        -0.9493331190366641,
        0.35
      ],
      [
        -0.10842034564926933,
        -0.9434203569540495,
        -0.3133736726880335,
        0.0
      ],
      [
        -0.9922562045082375,
        0.12191822771339278,
        -0.023739637026129135,
        0.05240399430418409
      ],
      [
        0.0,
        0.0,
        0.0,
        1.0
      ]
    ],
    "qpos_list": [
      [
        0.7143675684928894,
        0.6130562424659729,
        -1.0824116468429565,
        2.012923002243042,
        -1.5501378774642944,
        -2.6637704372406006,
        0.17173542082309723,
        0.37110498547554016,
        0.2020311802625656,
        0.2091718465089798,
        0.011034681461751461,
        0.7187633514404297,
        0.05965758487582207,
        0.0070026954635977745,
        0.23586302995681763,
        0.876508355140686,
        0.1658717393875122,
        -0.013109046034514904,
        1.2828575372695923,
        0.05313318967819214,
        0.16134777665138245,
        0.08211547881364822
      ],
      [
        -0.6808156371116638,
        -0.07228336483240128,
        -0.49262481927871704,
        1.3504012823104858,
        1.4320459365844727,
        -4.711556434631348,
        -0.031128495931625366,
        0.716058611869812,
        0.6566357612609863,
        0.4178016185760498,
        0.1327475905418396,
        1.1536797285079956,
        0.20846177637577057,
        0.038753218948841095,
        0.3308091163635254,
        1.3502883911132812,
        0.37883657217025757,
        -0.042872343212366104,
        1.2830266952514648,
        0.0846472680568695,
        0.5776966214179993,
        0.515865683555603
      ],
      [
        -0.8542333245277405,
        0.10547766834497452,
        -0.0023294691927731037,
        -1.3437796831130981,
        -1.3345307111740112,
        -2.506633996963501,
        -0.07440543174743652,
        0.6262063384056091,
        0.012462439946830273,
        0.20790623128414154,
        0.17628683149814606,
        0.7481870651245117,
        0.12974007427692413,
        0.09773340821266174,
        0.3791804611682892,
        0.8189661502838135,
        0.15860186517238617,
        0.05328806862235069,
        1.0599205493927002,
        0.021078435704112053,
        0.43107160925865173,
        0.20254269242286682
      ]
    ]
  },
  {
    "pose_idx": "000",
    "x_offset": 0.35,
    "z_rotation_deg": 270,
    "obj_pose": [
      [
        0.10669340774922757,
        0.7387691267954427,
        -0.6654597613956506,
        0.35
      ],
      [
        -0.06359356380770077,
        -0.6628394398684528,
        -0.746056120943399,
        0.0
      ],
      [
        -0.9922562045082375,
        0.12191822771339278,
        -0.023739637026129135,
        0.05240399430418409
      ],
      [
        0.0,
        0.0,
        0.0,
        1.0
      ]
    ],
    "qpos_list": [
      [
        -0.851389467716217,
        -0.35189852118492126,
        -0.3039710521697998,
        1.1705384254455566,
        1.5514225959777832,
        -4.9286322593688965,
        -0.07440543174743652,
        0.6262063384056091,
        0.012462439946830273,
        0.20790623128414154,
        0.17628683149814606,
        0.7481870651245117,
        0.12974007427692413,
        0.09773340821266174,
        0.3791804611682892,
        0.8189661502838135,
        0.15860186517238617,
        0.05328806862235069,
        1.0599205493927002,
        0.021078435704112053,
        0.43107160925865173,
        0.20254269242286682
      ],
      [
        0.8991267085075378,
        0.34210509061813354,
        -0.5136018395423889,
        1.6587448120117188,
        -1.3692727088928223,
        -2.4069948196411133,
        0.17173542082309723,
        0.37110498547554016,
        0.2020311802625656,
        0.2091718465089798,
        0.011034681461751461,
        0.7187633514404297,
        0.05965758487582207,
        0.0070026954635977745,
        0.23586302995681763,
        0.876508355140686,
        0.1658717393875122,
        -0.013109046034514904,
        1.2828575372695923,
        0.05313318967819214,
        0.16134777665138245,
        0.08211547881364822
      ]
    ]
  },
  {
    "pose_idx": "000",
    "x_offset": 0.35,
    "z_rotation_deg": 300,
    "obj_pose": [
      [
        0.12419598343101296,
        0.9712125512707269,
        -0.20327699809326472,
        0.35
      ],
      [
        -0.0017269379000417076,
        -0.20465123015860634,
        -0.9788334340836845,
        0.0
      ],
      [
        -0.9922562045082375,
        0.12191822771339278,
        -0.023739637026129135,
        0.05240399430418409
      ],
      [
        0.0,
        0.0,
        0.0,
        1.0
      ]
    ],
    "qpos_list": [
      [
        0.3190109431743622,
        -1.0118764638900757,
        0.08109717816114426,
        4.105050563812256,
        0.6313575506210327,
        0.1698833405971527,
        0.17173542082309723,
