[
  {
    "pose_idx": "000",
    "x_offset": 0.2,
    "z_rotation_deg": 30,
    "obj_pose": [
      [
        -0.5775370237255247,
        -0.7766187955397776,
        -0.2516231957523146,
        0.2
      ],
      [
        -0.6164123656071437,
        0.6169350850289236,
        -0.4893126775252811,
        0.0
      ],
      [
        0.5352445999287312,
        -0.1274925381138047,
        -0.8350202817731032,
        0.029733797592087607
      ],
      [
        0.0,
        0.0,
        0.0,
        1.0
      ]
    ],
    "qpos_list": [
      [
        0.345397025346756,
        -1.1472346782684326,
        -0.043006815016269684,
        -0.3558585047721863,
        0.8571145534515381,
        -1.2299965620040894,
        -0.3105500340461731,
        0.9567570090293884,
        0.011690996587276459,
        -0.043837640434503555,
        -0.02142910845577717,
        1.155609369277954,
        0.15014857053756714,
        -0.04200337082147598,
        0.20150277018547058,
        0.8008341193199158,
        0.1034325659275055,
        0.016354214400053024,
        1.2867927551269531,
        0.36147359013557434,
        1.276075005531311,
        0.025936640799045563
      ]
    ]
  },
  {
    "pose_idx": "000",
    "x_offset": 0.2,
    "z_rotation_deg": 60,
    "obj_pose": [
      [
        -0.19195555136878867,
        -0.981039148508382,
        0.026744259059711405,
        0.2
      ],
      [
        -0.8225972796854101,
        0.14597205835107174,
        -0.5495688070068337,
        0.0
      ],
      [
        0.5352445999287312,
        -0.1274925381138047,
        -0.8350202817731032,
        0.029733797592087607
      ],
      [
        0.0,
        0.0,
        0.0,
        1.0
      ]
    ],
    "qpos_list": [
      [
        0.3393952250480652,
        -1.50155508518219,
        0.07704869657754898,
        -0.0641191378235817,
        0.9797829985618591,
        -1.925065040588379,
        -0.3105500340461731,
        0.9567570090293884,
        0.011690996587276459,
        -0.043837640434503555,
        -0.02142910845577717,
        1.155609369277954,
        0.15014857053756714,
        -0.04200337082147598,
        0.20150277018547058,
        0.8008341193199158,
        0.1034325659275055,
        0.016354214400053024,
        1.2867927551269531,
        0.36147359013557434,
        1.276075005531311,
        0.025936640799045563
      ]
    ]
  },
  {
    "pose_idx": "000",
    "x_offset": 0.2,
    "z_rotation_deg": 90,
    "obj_pose": [
      [
        0.24506025595988534,
        -0.9225908538908493,
        0.29794561125451907,
        0.2
      ],
      [
        -0.8083679169759324,
        -0.36410406347945856,
        -0.4625684184655697,
        0.0
      ],
      [
        0.5352445999287312,
        -0.1274925381138047,
        -0.8350202817731032,
        0.029733797592087607
      ],
      [
        0.0,
        0.0,
        0.0,
        1.0
      ]
    ],
    "qpos_list": [
      [
        0.10723598301410675,
        -1.7721387147903442,
        0.10302182286977768,
        0.26882117986679077,
        1.3081856966018677,
        -2.727084159851074,
        -0.3105500340461731,
        0.9567570090293884,
        0.011690996587276459,
        -0.043837640434503555,
        -0.02142910845577717,
        1.155609369277954,
        0.15014857053756714,
        -0.04200337082147598,
        0.20150277018547058,
        0.8008341193199158,
        0.1034325659275055,
        0.016354214400053024,
        1.2867927551269531,
        0.36147359013557434,
        1.276075005531311,
        0.025936640799045563
      ]
    ]
  },
  {
    "pose_idx": "000",
    "x_offset": 0.25,
    "z_rotation_deg": 30,
    "obj_pose": [
      [
        -0.5775370237255247,
        -0.7766187955397776,
        -0.2516231957523146,
        0.25
      ],
      [
        -0.6164123656071437,
        0.6169350850289236,
        -0.4893126775252811,
        0.0
      ],
      [
        0.5352445999287312,
        -0.1274925381138047,
        -0.8350202817731032,
        0.029733797592087607
      ],
      [
        0.0,
        0.0,
        0.0,
        1.0
      ]
    ],
    "qpos_list": [
      [
        0.24456888437271118,
        -0.8213797211647034,
        -0.1693236082792282,
        -0.3912017345428467,
        0.6388187408447266,
        -1.245605707168579,
        -0.3105500340461731,
        0.9567570090293884,
        0.011690996587276459,
        -0.043837640434503555,
        -0.02142910845577717,
        1.155609369277954,
        0.15014857053756714,
        -0.04200337082147598,
        0.20150277018547058,
        0.8008341193199158,
        0.1034325659275055,
        0.016354214400053024,
        1.2867927551269531,
        0.36147359013557434,
        1.276075005531311,
        0.025936640799045563
      ]
    ]
  },
  {
    "pose_idx": "000",
    "x_offset": 0.25,
    "z_rotation_deg": 60,
    "obj_pose": [
      [
        -0.19195555136878867,
        -0.981039148508382,
        0.026744259059711405,
        0.25
      ],
      [
        -0.8225972796854101,
        0.14597205835107174,
        -0.5495688070068337,
        0.0
      ],
      [
        0.5352445999287312,
        -0.1274925381138047,
        -0.8350202817731032,
        0.029733797592087607
      ],
      [
        0.0,
        0.0,
        0.0,
        1.0
      ]
    ],
    "qpos_list": [
      [
        0.2555291950702667,
        -1.0643489360809326,
        -0.03859817609190941,
        -0.027839990332722664,
        0.6548279523849487,
        -2.0144190788269043,
        -0.3105500340461731,
        0.9567570090293884,
        0.011690996587276459,
        -0.043837640434503555,
        -0.02142910845577717,
        1.155609369277954,
        0.15014857053756714,
        -0.04200337082147598,
        0.20150277018547058,
        0.8008341193199158,
        0.1034325659275055,
        0.016354214400053024,
        1.2867927551269531,
        0.36147359013557434,
        1.276075005531311,
        0.025936640799045563
      ]
    ]
  },
  {
    "pose_idx": "000",
    "x_offset": 0.25,
    "z_rotation_deg": 90,
    "obj_pose": [
      [
        0.24506025595988534,
        -0.9225908538908493,
        0.29794561125451907,
        0.25
      ],
      [
        -0.8083679169759324,
        -0.36410406347945856,
        -0.4625684184655697,
        0.0
      ],
      [
        0.5352445999287312,
        -0.1274925381138047,
        -0.8350202817731032,
        0.029733797592087607
      ],
      [
        0.0,
        0.0,
        0.0,
        1.0
      ]
    ],
    "qpos_list": [
      [
        0.12953250110149384,
        -1.2748020887374878,
        -0.00022914297005627304,
        0.3168274164199829,
        0.9240754842758179,
        -2.8292813301086426,
        -0.3105500340461731,
        0.9567570090293884,
        0.011690996587276459,
        -0.043837640434503555,
        -0.02142910845577717,
        1.155609369277954,
        0.15014857053756714,
        -0.04200337082147598,
        0.20150277018547058,
        0.8008341193199158,
        0.1034325659275055,
        0.016354214400053024,
        1.2867927551269531,
        0.36147359013557434,
        1.276075005531311,
        0.025936640799045563
      ]
    ]
  },
  {
    "pose_idx": "000",
    "x_offset": 0.3,
    "z_rotation_deg": 30,
    "obj_pose": [
      [
        -0.5775370237255247,
        -0.7766187955397776,
        -0.2516231957523146,
        0.3
      ],
      [
        -0.6164123656071437,
        0.6169350850289236,
        -0.4893126775252811,
        0.0
      ],
      [
        0.5352445999287312,
        -0.1274925381138047,
        -0.8350202817731032,
        0.029733797592087607
      ],
      [
        0.0,
        0.0,
        0.0,
        1.0
      ]
    ],
    "qpos_list": [
      [
        0.18534864485263824,
        -0.5651610493659973,
        -0.31380730867385864,
        -0.4275558590888977,
        0.5173760652542114,
        -1.244277834892273,
        -0.3105500340461731,
        0.9567570090293884,
        0.011690996587276459,
        -0.043837640434503555,
        -0.02142910845577717,
        1.155609369277954,
        0.15014857053756714,
        -0.04200337082147598,
        0.20150277018547058,
        0.8008341193199158,
        0.1034325659275055,
        0.016354214400053024,
        1.2867927551269531,
        0.36147359013557434,
        1.276075005531311,
        0.025936640799045563
      ]
    ]
  },
  {
    "pose_idx": "000",
    "x_offset": 0.3,
    "z_rotation_deg": 60,
    "obj_pose": [
      [
        -0.19195555136878867,
        -0.981039148508382,
        0.026744259059711405,
        0.3
      ],
      [
        -0.8225972796854101,
        0.14597205835107174,
        -0.5495688070068337,
        0.0
      ],
      [
        0.5352445999287312,
        -0.1274925381138047,
        -0.8350202817731032,
        0.029733797592087607
      ],
      [
        0.0,
        0.0,
        0.0,
        1.0
      ]
    ],
    "qpos_list": [
      [
        0.21051156520843506,
        -0.7415038347244263,
        -0.17641691863536835,
        0.0056375968270003796,
        0.4693172574043274,
        -2.082091808319092,
        -0.3105500340461731,
        0.9567570090293884,
        0.011690996587276459,
        -0.043837640434503555,
        -0.02142910845577717,
        1.155609369277954,
        0.15014857053756714,
        -0.04200337082147598,
        0.20150277018547058,
        0.8008341193199158,
        0.1034325659275055,
        0.016354214400053024,
        1.2867927551269531,
        0.36147359013557434,
        1.276075005531311,
        0.025936640799045563
      ]
    ]
  },
  {
    "pose_idx": "000",
    "x_offset": 0.3,
    "z_rotation_deg": 90,
    "obj_pose": [
      [
        0.24506025595988534,
        -0.9225908538908493,
        0.29794561125451907,
        0.3
      ],
      [
        -0.8083679169759324,
        -0.36410406347945856,
        -0.4625684184655697,
        0.0
      ],
      [
        0.5352445999287312,
        -0.1274925381138047,
        -0.8350202817731032,
        0.029733797592087607
      ],
      [
        0.0,
        0.0,
        0.0,
        1.0
      ]
    ],
    "qpos_list": [
      [
        0.1368226855993271,
        -0.9013030529022217,
        -0.1356966495513916,
        0.39270633459091187,
        0.698278546333313,
        -2.934450626373291,
        -0.3105500340461731,
        0.9567570090293884,
        0.011690996587276459,
        -0.043837640434503555,
        -0.02142910845577717,
        1.155609369277954,
        0.15014857053756714,
        -0.04200337082147598,
        0.20150277018547058,
        0.8008341193199158,
        0.1034325659275055,
        0.016354214400053024,
        1.2867927551269531,
        0.36147359013557434,
        1.276075005531311,
        0.025936640799045563
      ]
    ]
  },
  {
    "pose_idx": "000",
    "x_offset": 0.35,
    "z_rotation_deg": 30,
    "obj_pose": [
      [
        -0.5775370237255247,
        -0.7766187955397776,
        -0.2516231957523146,
        0.35
      ],
      [
        -0.6164123656071437,
        0.6169350850289236,
        -0.4893126775252811,
        0.0
      ],
      [
        0.5352445999287312,
        -0.1274925381138047,
        -0.8350202817731032,
        0.029733797592087607
      ],
      [
        0.0,
        0.0,
        0.0,
        1.0
      ]
    ],
    "qpos_list": [
      [
        0.15005619823932648,
        -0.35607677698135376,
        -0.46956953406333923,
        -0.44804611802101135,
        0.4578340947628021,
        -1.247381567955017,
        -0.3105500340461731,
        0.9567570090293884,
        0.011690996587276459,
        -0.043837640434503555,
        -0.02142910845577717,
        1.155609369277954,
        0.15014857053756714,
        -0.04200337082147598,
        0.20150277018547058,
        0.8008341193199158,
        0.1034325659275055,
        0.016354214400053024,
        1.2867927551269531,
        0.36147359013557434,
        1.276075005531311,
        0.025936640799045563
      ]
    ]
  },
  {
    "pose_idx": "000",
    "x_offset": 0.35,
    "z_rotation_deg": 60,
    "obj_pose": [
      [
        -0.19195555136878867,
        -0.981039148508382,
        0.026744259059711405,
        0.35
      ],
      [
        -0.8225972796854101,
        0.14597205835107174,
        -0.5495688070068337,
        0.0
      ],
      [
        0.5352445999287312,
        -0.1274925381138047,
        -0.8350202817731032,
        0.029733797592087607
      ],
      [
        0.0,
        0.0,
        0.0,
        1.0
      ]
    ],
    "qpos_list": [
      [
        0.18246091902256012,
        -0.49549877643585205,
        -0.3271082043647766,
        0.04004858806729317,
        0.37447792291641235,
        -2.1396028995513916,
        -0.3105500340461731,
        0.9567570090293884,
        0.011690996587276459,
        -0.043837640434503555,
        -0.02142910845577717,
        1.155609369277954,
        0.15014857053756714,
        -0.04200337082147598,
        0.20150277018547058,
        0.8008341193199158,
        0.1034325659275055,
        0.016354214400053024,
        1.2867927551269531,
        0.36147359013557434,
        1.276075005531311,
        0.025936640799045563
      ]
    ]
  },
  {
    "pose_idx": "000",
    "x_offset": 0.35,
    "z_rotation_deg": 90,
    "obj_pose": [
      [
        0.24506025595988534,
        -0.9225908538908493,
        0.29794561125451907,
        0.35
      ],
      [
        -0.8083679169759324,
        -0.36410406347945856,
        -0.4625684184655697,
        0.0
      ],
      [
        0.5352445999287312,
        -0.1274925381138047,
        -0.8350202817731032,
        0.029733797592087607
      ],
      [
        0.0,
        0.0,
        0.0,
        1.0
      ]
    ],
    "qpos_list": [
      [
        0.13423314690589905,
        -0.6224777102470398,
        -0.28763243556022644,
        0.46469563245773315,
        0.5836641192436218,
        -3.0259053707122803,
        -0.3105500340461731,
        0.9567570090293884,
        0.011690996587276459,
        -0.043837640434503555,
        -0.02142910845577717,
        1.155609369277954,
        0.15014857053756714,
        -0.04200337082147598,
        0.20150277018547058,
        0.8008341193199158,
        0.1034325659275055,
        0.016354214400053024,
        1.2867927551269531,
        0.36147359013557434,
        1.276075005531311,
        0.025936640799045563
      ]
    ]
  },
  {
    "pose_idx": "000",
    "x_offset": 0.4,
    "z_rotation_deg": 30,
    "obj_pose": [
      [
        -0.5775370237255247,
        -0.7766187955397776,
        -0.2516231957523146,
        0.4
      ],
      [
        -0.6164123656071437,
        0.6169350850289236,
        -0.4893126775252811,
        0.0
      ],
      [
        0.5352445999287312,
        -0.1274925381138047,
        -0.8350202817731032,
        0.029733797592087607
      ],
      [
        0.0,
        0.0,
        0.0,
        1.0
      ]
    ],
    "qpos_list": [
      [
        0.2703991234302521,
        0.1967552751302719,
        -1.2137566804885864,
        2.7510969638824463,
        -0.6714311838150024,
        -4.370593547821045,
        -0.3105500340461731,
        0.9567570090293884,
        0.011690996587276459,
        -0.043837640434503555,
        -0.02142910845577717,
        1.155609369277954,
        0.15014857053756714,
        -0.04200337082147598,
        0.20150277018547058,
        0.8008341193199158,
        0.1034325659275055,
        0.016354214400053024,
        1.2867927551269531,
        0.36147359013557434,
        1.276075005531311,
        0.025936640799045563
      ]
    ]
  },
  {
    "pose_idx": "000",
    "x_offset": 0.4,
    "z_rotation_deg": 60,
    "obj_pose": [
      [
        -0.19195555136878867,
        -0.981039148508382,
        0.026744259059711405,
        0.4
      ],
      [
        -0.8225972796854101,
        0.14597205835107174,
        -0.5495688070068337,
        0.0
      ],
      [
        0.5352445999287312,
        -0.1274925381138047,
        -0.8350202817731032,
        0.029733797592087607
      ],
      [
        0.0,
        0.0,
        0.0,
        1.0
      ]
    ],
    "qpos_list": [
      [
        0.16203925013542175,
        -0.2951597571372986,
        -0.4878474175930023,
        0.07150644063949585,
        0.33577242493629456,
        -2.1882710456848145,
        -0.3105500340461731,
        0.9567570090293884,
        0.011690996587276459,
        -0.043837640434503555,
        -0.02142910845577717,
        1.155609369277954,
        0.15014857053756714,
        -0.04200337082147598,
        0.20150277018547058,
        0.8008341193199158,
        0.1034325659275055,
        0.016354214400053024,
        1.2867927551269531,
        0.36147359013557434,
        1.276075005531311,
        0.025936640799045563
      ]
    ]
  },
  {
    "pose_idx": "000",
    "x_offset": 0.4,
    "z_rotation_deg": 90,
    "obj_pose": [
      [
        0.24506025595988534,
        -0.9225908538908493,
        0.29794561125451907,
        0.4
      ],
      [
        -0.8083679169759324,
        -0.36410406347945856,
        -0.4625684184655697,
        0.0
      ],
      [
        0.5352445999287312,
        -0.1274925381138047,
        -0.8350202817731032,
        0.029733797592087607
      ],
      [
        0.0,
        0.0,
        0.0,
        1.0
      ]
    ],
    "qpos_list": [
      [
        0.12478369474411011,
        -0.4014821946620941,
        -0.4490489065647125,
        0.5136887431144714,
        0.5344380140304565,
        -3.090786933898926,
        -0.3105500340461731,
        0.9567570090293884,
        0.011690996587276459,
        -0.043837640434503555,
        -0.02142910845577717,
        1.155609369277954,
        0.15014857053756714,
        -0.04200337082147598,
        0.20150277018547058,
        0.8008341193199158,
        0.1034325659275055,
        0.016354214400053024,
        1.2867927551269531,
        0.36147359013557434,
        1.276075005531311,
        0.025936640799045563
      ]
    ]
  },
  {
    "pose_idx": "000",
    "x_offset": 0.45,
    "z_rotation_deg": 30,
    "obj_pose": [
      [
        -0.5775370237255247,
        -0.7766187955397776,
        -0.2516231957523146,
        0.45
      ],
      [
        -0.6164123656071437,
        0.6169350850289236,
        -0.4893126775252811,
        0.0
      ],
      [
        0.5352445999287312,
        -0.1274925381138047,
        -0.8350202817731032,
        0.029733797592087607
      ],
      [
        0.0,
        0.0,
        0.0,
        1.0
      ]
    ],
    "qpos_list": [
      [
        0.11697783321142197,
        -0.013554568402469158,
        -0.8087819218635559,
        -0.4280504584312439,
        0.44452956318855286,
        -1.2945691347122192,
        -0.3105500340461731,
        0.9567570090293884,
        0.011690996587276459,
        -0.043837640434503555,
        -0.02142910845577717,
        1.155609369277954,
        0.15014857053756714,
        -0.04200337082147598,
        0.20150277018547058,
        0.8008341193199158,
        0.1034325659275055,
        0.016354214400053024,
        1.2867927551269531,
        0.36147359013557434,
        1.276075005531311,
        0.025936640799045563
      ]
    ]
  },
  {
    "pose_idx": "000",
    "x_offset": 0.45,
    "z_rotation_deg": 60,
    "obj_pose": [
      [
        -0.19195555136878867,
        -0.981039148508382,
        0.026744259059711405,
        0.45
      ],
      [
        -0.8225972796854101,
        0.14597205835107174,
        -0.5495688070068337,
        0.0
      ],
      [
        0.5352445999287312,
        -0.1274925381138047,
        -0.8350202817731032,
        0.029733797592087607
      ],
      [
        0.0,
        0.0,
        0.0,
        1.0
      ]
    ],
    "qpos_list": [
      [
        0.14522889256477356,
        -0.12151212245225906,
        -0.6582629084587097,
        0.09432698786258698,
        0.3335382044315338,
        -2.2250702381134033,
        -0.3105500340461731,
        0.9567570090293884,
        0.011690996587276459,
        -0.043837640434503555,
        -0.02142910845577717,
        1.155609369277954,
        0.15014857053756714,
        -0.04200337082147598,
        0.20150277018547058,
        0.8008341193199158,
        0.1034325659275055,
        0.016354214400053024,
        1.2867927551269531,
        0.36147359013557434,
        1.276075005531311,
        0.025936640799045563
      ]
    ]
  },
  {
    "pose_idx": "000",
    "x_offset": 0.45,
    "z_rotation_deg": 90,
    "obj_pose": [
      [
        0.24506025595988534,
        -0.9225908538908493,
        0.29794561125451907,
        0.45
      ],
      [
        -0.8083679169759324,
        -0.36410406347945856,
        -0.4625684184655697,
        0.0
      ],
      [
        0.5352445999287312,
        -0.1274925381138047,
        -0.8350202817731032,
        0.029733797592087607
      ],
      [
        0.0,
        0.0,
        0.0,
        1.0
      ]
    ],
    "qpos_list": [
      [
        -0.05328702926635742,
        0.1845596432685852,
        -1.174970269203186,
        3.626502513885498,
        -0.7249712944030762,
        -0.047061558812856674,
        -0.3105500340461731,
        0.9567570090293884,
        0.011690996587276459,
        -0.043837640434503555,
        -0.02142910845577717,
        1.155609369277954,
        0.15014857053756714,
        -0.04200337082147598,
        0.20150277018547058,
        0.8008341193199158,
        0.1034325659275055,
        0.016354214400053024,
        1.2867927551269531,
        0.36147359013557434,
        1.276075005531311,
        0.025936640799045563
      ]
    ]
  },
  {
    "pose_idx": "000",
    "x_offset": 0.5,
    "z_rotation_deg": 30,
    "obj_pose": [
      [
        -0.5775370237255247,
        -0.7766187955397776,
        -0.2516231957523146,
        0.5
      ],
      [
        -0.6164123656071437,
        0.6169350850289236,
        -0.4893126775252811,
        0.0
      ],
      [
        0.5352445999287312,
        -0.1274925381138047,
        -0.8350202817731032,
        0.029733797592087607
      ],
      [
        0.0,
        0.0,
        0.0,
        1.0
      ]
    ],
    "qpos_list": [
      [
        0.10959583520889282,
        0.14065299928188324,
        -0.9958406090736389,
        -0.39611509442329407,
        0.47244346141815186,
        -1.3356825113296509,
        -0.3105500340461731,
        0.9567570090293884,
        0.011690996587276459,
        -0.043837640434503555,
        -0.02142910845577717,
        1.155609369277954,
        0.15014857053756714,
        -0.04200337082147598,
        0.20150277018547058,
        0.8008341193199158,
        0.1034325659275055,
        0.016354214400053024,
        1.2867927551269531,
        0.36147359013557434,
        1.276075005531311,
        0.025936640799045563
      ]
    ]
  },
  {
    "pose_idx": "000",
    "x_offset": 0.5,
    "z_rotation_deg": 60,
    "obj_pose": [
      [
        -0.19195555136878867,
        -0.981039148508382,
        0.026744259059711405,
        0.5
      ],
      [
        -0.8225972796854101,
        0.14597205835107174,
        -0.5495688070068337,
        0.0
      ],
      [
        0.5352445999287312,
        -0.1274925381138047,
        -0.8350202817731032,
        0.029733797592087607
      ],
      [
        0.0,
        0.0,
        0.0,
        1.0
      ]
    ],
    "qpos_list": [
      [
        0.1303776502609253,
        0.03733105957508087,
        -0.8395985960960388,
        0.10704676061868668,
        0.3569388687610626,
        -2.249662160873413,
        -0.3105500340461731,
        0.9567570090293884,
        0.011690996587276459,
        -0.043837640434503555,
        -0.02142910845577717,
        1.155609369277954,
        0.15014857053756714,
        -0.04200337082147598,
        0.20150277018547058,
        0.8008341193199158,
        0.1034325659275055,
        0.016354214400053024,
        1.2867927551269531,
        0.36147359013557434,
        1.276075005531311,
        0.025936640799045563
      ]
    ]
  },
  {
    "pose_idx": "000",
    "x_offset": 0.5,
    "z_rotation_deg": 90,
    "obj_pose": [
      [
        0.24506025595988534,
        -0.9225908538908493,
        0.29794561125451907,
        0.5
      ],
      [
        -0.8083679169759324,
        -0.36410406347945856,
        -0.4625684184655697,
        0.0
      ],
      [
        0.5352445999287312,
        -0.1274925381138047,
        -0.8350202817731032,
        0.029733797592087607
      ],
      [
        0.0,
        0.0,
        0.0,
        1.0
      ]
    ],
    "qpos_list": [
      [
        0.09713082760572433,
        -0.04711119085550308,
        -0.7947031855583191,
        0.5329176187515259,
        0.5372571349143982,
        -3.1344635486602783,
        -0.3105500340461731,
        0.9567570090293884,
        0.011690996587276459,
        -0.043837640434503555,
        -0.02142910845577717,
        1.155609369277954,
        0.15014857053756714,
        -0.04200337082147598,
        0.20150277018547058,
        0.8008341193199158,
        0.1034325659275055,
        0.016354214400053024,
        1.2867927551269531,
        0.36147359013557434,
        1.276075005531311,
        0.025936640799045563
      ]
    ]
  },
  {
    "pose_idx": "004",
    "x_offset": 0.2,
    "z_rotation_deg": 120,
    "obj_pose": [
      [
        0.42474250698598726,
        0.10113018208824864,
        -0.8996479806180059,
        0.2
      ],
      [
        0.4784329092228769,
        -0.8687117891447248,
        0.1282254997007446,
        0.0
      ],
      [
        -0.7685673387100137,
        -0.4848840208459841,
        -0.4173628303963328,
        0.033634274393053026
      ],
      [
        0.0,
        0.0,
        0.0,
        1.0
      ]
    ],
    "qpos_list": [
      [
        1.075660228729248,
        0.540450394153595,
        -0.530032753944397,
        2.337505340576172,
        -1.4636757373809814,
        -1.9667569398880005,
        0.04366631805896759,
        1.1410096883773804,
        0.36959847807884216,
        0.19384042918682098,
        0.08657210320234299,
        0.9993871450424194,
        0.551524817943573,
        0.33333995938301086,
        0.3758019804954529,
        1.4307371377944946,
        0.47508862614631653,
        -0.04272842779755592,
        1.2599927186965942,
        0.11198310554027557,
        0.4448907971382141,
        0.048759229481220245
      ]
    ]
  },
  {
    "pose_idx": "004",
    "x_offset": 0.2,
    "z_rotation_deg": 150,
    "obj_pose": [
      [
        0.12862134650551574,
        0.521937201350132,
        -0.8432307555289356,
        0.2
      ],
      [
        0.6267063068864993,
        -0.701761386922238,
        -0.33877745015520444,
        0.0
      ],
      [
        -0.7685673387100137,
        -0.4848840208459841,
        -0.4173628303963328,
        0.033634274393053026
      ],
      [
        0.0,
        0.0,
        0.0,
        1.0
      ]
    ],
    "qpos_list": [
      [
        1.5222556591033936,
        0.49270114302635193,
        -0.18830633163452148,
        2.2137904167175293,
        -1.2816951274871826,
        -1.7308334112167358,
        0.04366631805896759,
        1.1410096883773804,
        0.36959847807884216,
        0.19384042918682098,
        0.08657210320234299,
        0.9993871450424194,
        0.551524817943573,
        0.33333995938301086,
        0.3758019804954529,
        1.4307371377944946,
        0.47508862614631653,
        -0.04272842779755592,
        1.2599927186965942,
        0.11198310554027557,
        0.4448907971382141,
        0.048759229481220245
      ],
      [
        1.5590866804122925,
        -0.5440743565559387,
        0.0014175301184877753,
        -0.7480251789093018,
        1.8585432767868042,
        1.1380023956298828,
        0.025431033223867416,
        0.9919585585594177,
        0.46002987027168274,
        0.3008767068386078,
        0.15213705599308014,
        1.1800596714019775,
        0.10234274715185165,
        -0.04270680993795395,
        0.2895449995994568,
        1.2165496349334717,
        0.32548987865448,
        -0.017202958464622498,
        1.2762389183044434,
        0.1047232374548912,
        0.5830675363540649,
        0.03140594810247421
      ]
    ]
  },
  {
    "pose_idx": "004",
    "x_offset": 0.2,
    "z_rotation_deg": 240,
    "obj_pose": [
      [
        -0.6267063068864992,
        0.7017613869222382,
        0.33877745015520394,
        0.2
      ],
      [
        0.1286213465055161,
        0.5219372013501316,
        -0.8432307555289358,
        0.0
      ],
      [
        -0.7685673387100137,
        -0.4848840208459841,
        -0.4173628303963328,
        0.033634274393053026
      ],
      [
        0.0,
        0.0,
        0.0,
        1.0
      ]
    ],
    "qpos_list": [
      [
        -1.4708749055862427,
        0.4977940320968628,
        -0.2633184492588043,
        -2.139192819595337,
        -1.3203157186508179,
        -1.8404791355133057,
        0.025431033223867416,
        0.9919585585594177,
        0.46002987027168274,
        0.3008767068386078,
        0.15213705599308014,
        1.1800596714019775,
        0.10234274715185165,
        -0.04270680993795395,
        0.2895449995994568,
        1.2165496349334717,
        0.32548987865448,
        -0.017202958464622498,
        1.2762389183044434,
        0.1047232374548912,
        0.5830675363540649,
        0.03140594810247421
      ],
      [
        -1.4388017654418945,
        0.4912262260913849,
        -0.24132363498210907,
        -2.235299587249756,
        -1.312842607498169,
        -2.171222448348999,
        0.04366631805896759,
        1.1410096883773804,
        0.36959847807884216,
        0.19384042918682098,
        0.08657210320234299,
        0.9993871450424194,
        0.551524817943573,
        0.33333995938301086,
        0.3758019804954529,
        1.4307371377944946,
        0.47508862614631653,
        -0.04272842779755592,
        1.2599927186965942,
        0.11198310554027557,
        0.4448907971382141,
        0.048759229481220245
      ]
    ]
  },
  {
    "pose_idx": "004",
    "x_offset": 0.2,
    "z_rotation_deg": 270,
    "obj_pose": [
      [
        -0.6070542557283928,
        0.3467745877945931,
        0.7150052558281911,
        0.2
      ],
      [
        -0.20196379990051205,
        0.8028915690104867,
        -0.5608705304628017,
        0.0
      ],
      [
        -0.7685673387100137,
        -0.4848840208459841,
        -0.4173628303963328,
        0.033634274393053026
      ],
      [
        0.0,
        0.0,
        0.0,
        1.0
      ]
    ],
    "qpos_list": [
      [
        -1.0594830513000488,
        -0.07261622697114944,
        -0.40004026889801025,
        0.86643385887146,
        1.7623014450073242,
        -4.426570415496826,
        0.025431033223867416,
        0.9919585585594177,
        0.46002987027168274,
        0.3008767068386078,
        0.15213705599308014,
        1.1800596714019775,
        0.10234274715185165,
        -0.04270680993795395,
        0.2895449995994568,
        1.2165496349334717,
        0.32548987865448,
        -0.017202958464622498,
        1.2762389183044434,
        0.1047232374548912,
        0.5830675363540649,
        0.03140594810247421
      ]
    ]
  },
  {
    "pose_idx": "004",
    "x_offset": 0.25,
    "z_rotation_deg": 120,
    "obj_pose": [
      [
        0.42474250698598726,
        0.10113018208824864,
        -0.8996479806180059,
        0.25
      ],
      [
        0.4784329092228769,
        -0.8687117891447248,
        0.1282254997007446,
        0.0
      ],
      [
        -0.7685673387100137,
        -0.4848840208459841,
        -0.4173628303963328,
        0.033634274393053026
      ],
      [
        0.0,
        0.0,
        0.0,
        1.0
      ]
    ],
    "qpos_list": [
      [
        0.9165855646133423,
        0.5711066722869873,
        -0.6314312815666199,
        2.183305501937866,
        -1.5054965019226074,
        -2.0238864421844482,
        0.04366631805896759,
        1.1410096883773804,
        0.36959847807884216,
        0.19384042918682098,
        0.08657210320234299,
        0.9993871450424194,
        0.551524817943573,
        0.33333995938301086,
        0.3758019804954529,
        1.4307371377944946,
        0.47508862614631653,
        -0.04272842779755592,
        1.2599927186965942,
        0.11198310554027557,
        0.4448907971382141,
        0.048759229481220245
      ]
    ]
  },
  {
    "pose_idx": "004",
    "x_offset": 0.25,
    "z_rotation_deg": 150,
    "obj_pose": [
      [
        0.12862134650551574,
        0.521937201350132,
        -0.8432307555289356,
        0.25
      ],
      [
        0.6267063068864993,
        -0.701761386922238,
        -0.33877745015520444,
        0.0
      ],
      [
        -0.7685673387100137,
        -0.4848840208459841,
        -0.4173628303963328,
        0.033634274393053026
      ],
      [
        0.0,
        0.0,
        0.0,
        1.0
      ]
    ],
    "qpos_list": [
      [
        1.2138606309890747,
        0.48725438117980957,
        -0.2124617099761963,
        1.9140996932983398,
        -1.372855305671692,
        -1.7145754098892212,
        0.04366631805896759,
        1.1410096883773804,
        0.36959847807884216,
        0.19384042918682098,
        0.08657210320234299,
        0.9993871450424194,
        0.551524817943573,
        0.33333995938301086,
        0.3758019804954529,
        1.4307371377944946,
        0.47508862614631653,
        -0.04272842779755592,
        1.2599927186965942,
        0.11198310554027557,
        0.4448907971382141,
        0.048759229481220245
      ],
      [
        1.2827489376068115,
        0.49669167399406433,
        -0.2332286685705185,
        2.1051440238952637,
        -1.3108837604522705,
        -1.414239525794983,
        0.025431033223867416,
        0.9919585585594177,
        0.46002987027168274,
        0.3008767068386078,
        0.15213705599308014,
        1.1800596714019775,
        0.10234274715185165,
        -0.04270680993795395,
        0.2895449995994568,
        1.2165496349334717,
        0.32548987865448,
        -0.017202958464622498,
        1.2762389183044434,
        0.1047232374548912,
        0.5830675363540649,
        0.03140594810247421
      ]
    ]
  },
  {
    "pose_idx": "004",
    "x_offset": 0.25,
    "z_rotation_deg": 240,
    "obj_pose": [
      [
        -0.6267063068864992,
        0.7017613869222382,
        0.33877745015520394,
        0.25
      ],
      [
        0.1286213465055161,
        0.5219372013501316,
        -0.8432307555289358,
        0.0
      ],
      [
        -0.7685673387100137,
        -0.4848840208459841,
        -0.4173628303963328,
        0.033634274393053026
      ],
      [
        0.0,
        0.0,
        0.0,
        1.0
      ]
    ],
    "qpos_list": [
      [
        -1.2055612802505493,
        0.4986060857772827,
        -0.29788774251937866,
        4.4018402099609375,
        -1.3862475156784058,
        -1.8343462944030762,
        0.025431033223867416,
        0.9919585585594177,
        0.46002987027168274,
        0.3008767068386078,
        0.15213705599308014,
        1.1800596714019775,
        0.10234274715185165,
        -0.04270680993795395,
        0.2895449995994568,
        1.2165496349334717,
        0.32548987865448,
        -0.017202958464622498,
        1.2762389183044434,
        0.1047232374548912,
        0.5830675363540649,
        0.03140594810247421
      ],
      [
        -1.1674659252166748,
        0.4907582402229309,
        -0.27945244312286377,
        -1.9713644981384277,
        -1.3855502605438232,
        -2.169632911682129,
        0.04366631805896759,
        1.1410096883773804,
        0.36959847807884216,
        0.19384042918682098,
        0.08657210320234299,
        0.9993871450424194,
        0.551524817943573,
        0.33333995938301086,
        0.3758019804954529,
        1.4307371377944946,
        0.47508862614631653,
        -0.04272842779755592,
        1.2599927186965942,
        0.11198310554027557,
        0.4448907971382141,
        0.048759229481220245
      ]
    ]
  },
  {
    "pose_idx": "004",
    "x_offset": 0.25,
    "z_rotation_deg": 270,
    "obj_pose": [
      [
        -0.6070542557283928,
        0.3467745877945931,
        0.7150052558281911,
        0.25
      ],
      [
        -0.20196379990051205,
        0.8028915690104867,
        -0.5608705304628017,
        0.0
      ],
      [
        -0.7685673387100137,
        -0.4848840208459841,
        -0.4173628303963328,
        0.033634274393053026
      ],
      [
        0.0,
        0.0,
        0.0,
        1.0
      ]
    ],
    "qpos_list": [
      [
        -0.9130274653434753,
        0.006190621759742498,
        -0.48819711804389954,
        1.0045769214630127,
        1.7137235403060913,
        -4.378498554229736,
        0.025431033223867416,
        0.9919585585594177,
        0.46002987027168274,
        0.3008767068386078,
        0.15213705599308014,
        1.1800596714019775,
        0.10234274715185165,
        -0.04270680993795395,
        0.2895449995994568,
        1.2165496349334717,
        0.32548987865448,
        -0.017202958464622498,
        1.2762389183044434,
        0.1047232374548912,
        0.5830675363540649,
        0.03140594810247421
      ]
    ]
  },
  {
    "pose_idx": "004",
    "x_offset": 0.3,
    "z_rotation_deg": 120,
    "obj_pose": [
      [
        0.42474250698598726,
        0.10113018208824864,
        -0.8996479806180059,
        0.3
      ],
      [
        0.4784329092228769,
        -0.8687117891447248,
        0.1282254997007446,
        0.0
      ],
      [
        -0.7685673387100137,
        -0.4848840208459841,
        -0.4173628303963328,
        0.033634274393053026
      ],
      [
        0.0,
        0.0,
        0.0,
        1.0
      ]
    ],
    "qpos_list": [
      [
        0.7872058749198914,
        0.616432785987854,
        -0.7636359333992004,
        2.058408498764038,
        -1.5394132137298584,
        -2.1048779487609863,
        0.04366631805896759,
        1.1410096883773804,
        0.36959847807884216,
        0.19384042918682098,
        0.08657210320234299,
        0.9993871450424194,
        0.551524817943573,
        0.33333995938301086,
        0.3758019804954529,
        1.4307371377944946,
        0.47508862614631653,
        -0.04272842779755592,
        1.2599927186965942,
        0.11198310554027557,
        0.4448907971382141,
        0.048759229481220245
      ]
    ]
  },
  {
    "pose_idx": "004",
    "x_offset": 0.3,
    "z_rotation_deg": 150,
    "obj_pose": [
      [
        0.12862134650551574,
        0.521937201350132,
        -0.8432307555289356,
        0.3
      ],
      [
        0.6267063068864993,
        -0.701761386922238,
        -0.33877745015520444,
        0.0
      ],
      [
        -0.7685673387100137,
        -0.4848840208459841,
        -0.4173628303963328,
        0.033634274393053026
      ],
      [
        0.0,
        0.0,
        0.0,
        1.0
      ]
    ],
    "qpos_list": [
      [
        0.9561623334884644,
        0.4910781681537628,
        -0.29378053545951843,
        1.673262119293213,
        -1.4484950304031372,
        -1.777038335800171,
        0.04366631805896759,
        1.1410096883773804,
        0.36959847807884216,
        0.19384042918682098,
        0.08657210320234299,
        0.9993871450424194,
        0.551524817943573,
        0.33333995938301086,
        0.3758019804954529,
        1.4307371377944946,
        0.47508862614631653,
        -0.04272842779755592,
        1.2599927186965942,
